root;polly_vectorizer;none;polly;polly_parallel;parallel;parallel_force;polly_no_tiling;polly_delinearize;polly_dependences_analysis_type;value_based;memory_based;polly_opt_fusion;min;max;polly_opt_simplify_deps;pollyrtcmaxparameters;pollyrtcmaxparameters_1;pollyrtcmaxparameters_2;pollyrtcmaxparameters_4;pollyrtcmaxparameters_8;pollyrtcmaxparameters_16;pollyoptmaxconstantterm;pollyoptmaxconstantterm_1;pollyoptmaxconstantterm_10;pollyoptmaxconstantterm_100;pollyoptmaxconstantterm_1000;pollyoptmaxconstantterm_10000;pollyoptmaxcoefficient;pollyoptmaxcoefficient_1;pollyoptmaxcoefficient_10;pollyoptmaxcoefficient_100;pollyoptmaxcoefficient_1000;pollyoptmaxcoefficient_10000;pollydefaulttilesize;pollydefaulttilesize_4;pollydefaulttilesize_16;pollydefaulttilesize_64;pollydefaulttilesize_256;pollydefaulttilesize_1024
1;1;0;1;1;1;0;1;1;1;1;0;1;1;0;1;1;0;0;0;1;0;1;1;0;0;0;0;1;0;1;0;0;0;1;1;0;0;0;0
1;1;1;0;0;0;0;1;1;1;1;0;1;0;1;1;1;0;0;1;0;0;1;0;1;0;0;0;1;0;0;0;1;0;1;0;0;0;1;0
1;1;1;0;1;1;0;0;1;1;1;0;1;0;1;0;1;0;0;0;0;1;1;0;0;0;0;1;1;0;1;0;0;0;1;0;0;0;1;0
1;1;1;0;0;0;0;0;1;1;0;1;1;0;1;1;1;0;0;1;0;0;1;1;0;0;0;0;1;1;0;0;0;0;1;0;0;0;0;1
1;1;0;1;1;0;1;0;1;1;0;1;1;0;1;0;1;0;0;1;0;0;1;0;0;1;0;0;1;0;0;0;1;0;1;0;1;0;0;0
1;1;0;1;1;1;0;1;1;1;1;0;1;1;0;1;1;1;0;0;0;0;1;0;0;0;1;0;1;1;0;0;0;0;1;1;0;0;0;0
1;1;1;0;1;0;1;0;1;1;1;0;1;1;0;0;1;0;0;0;1;0;1;1;0;0;0;0;1;0;0;1;0;0;1;0;1;0;0;0
1;1;0;1;1;0;1;0;1;1;1;0;1;0;1;1;1;0;0;0;0;1;1;0;0;1;0;0;1;0;0;0;0;1;1;1;0;0;0;0
1;1;1;0;0;0;0;0;1;1;0;1;1;0;1;1;1;0;0;0;1;0;1;1;0;0;0;0;1;0;0;0;0;1;1;0;0;0;1;0
1;1;1;0;0;0;0;0;1;1;1;0;1;1;0;1;1;0;0;0;1;0;1;0;0;0;0;1;1;1;0;0;0;0;1;0;0;1;0;0
1;1;0;1;1;0;1;1;1;1;0;1;1;1;0;0;1;0;0;0;0;1;1;0;0;0;0;1;1;0;1;0;0;0;1;0;0;1;0;0
1;1;0;1;0;0;0;1;1;1;0;1;1;0;1;0;1;0;1;0;0;0;1;0;0;0;0;1;1;0;0;1;0;0;1;0;0;0;1;0
1;1;1;0;1;0;1;1;1;1;1;0;1;0;1;1;1;1;0;0;0;0;1;0;0;1;0;0;1;0;0;1;0;0;1;0;0;0;0;1
1;1;0;1;1;0;1;0;1;1;0;1;1;0;1;0;1;0;0;0;1;0;1;0;0;1;0;0;1;0;0;0;1;0;1;0;1;0;0;0
1;1;0;1;1;1;0;1;1;1;1;0;1;0;1;1;1;0;1;0;0;0;1;0;1;0;0;0;1;1;0;0;0;0;1;0;0;1;0;0
1;1;0;1;1;1;0;0;1;1;0;1;1;1;0;0;1;0;0;0;0;1;1;0;0;0;0;1;1;0;0;0;0;1;1;0;0;0;1;0
1;1;0;1;0;0;0;1;1;1;1;0;1;1;0;0;1;1;0;0;0;0;1;0;0;1;0;0;1;0;0;1;0;0;1;1;0;0;0;0
1;1;0;1;1;0;1;0;1;1;1;0;1;0;1;0;1;0;0;1;0;0;1;1;0;0;0;0;1;1;0;0;0;0;1;0;1;0;0;0
1;1;0;1;0;0;0;0;1;1;0;1;1;0;1;0;1;1;0;0;0;0;1;0;1;0;0;0;1;0;1;0;0;0;1;1;0;0;0;0
1;1;1;0;1;0;1;1;1;1;0;1;1;0;1;1;1;0;0;1;0;0;1;0;0;1;0;0;1;0;1;0;0;0;1;0;0;1;0;0
1;1;1;0;0;0;0;1;1;1;1;0;1;1;0;1;1;0;0;0;1;0;1;0;1;0;0;0;1;0;0;1;0;0;1;0;0;1;0;0
1;1;0;1;1;1;0;1;1;1;0;1;1;0;1;0;1;0;0;0;0;1;1;0;0;1;0;0;1;1;0;0;0;0;1;1;0;0;0;0
1;1;0;1;1;1;0;0;1;1;1;0;1;1;0;1;1;0;0;0;0;1;1;1;0;0;0;0;1;0;0;1;0;0;1;0;0;0;0;1
1;1;0;1;1;0;1;1;1;1;1;0;1;0;1;0;1;0;1;0;0;0;1;0;1;0;0;0;1;0;1;0;0;0;1;0;0;0;1;0
1;1;1;0;0;0;0;1;1;1;0;1;1;0;1;1;1;0;0;0;0;1;1;0;1;0;0;0;1;0;0;0;0;1;1;0;0;1;0;0
1;1;1;0;1;0;1;1;1;1;0;1;1;0;1;0;1;1;0;0;0;0;1;1;0;0;0;0;1;1;0;0;0;0;1;0;0;0;1;0
1;1;1;0;1;0;1;1;1;1;1;0;1;0;1;0;1;1;0;0;0;0;1;0;0;0;0;1;1;0;0;0;0;1;1;0;0;1;0;0
1;1;0;1;0;0;0;0;1;1;1;0;1;0;1;1;1;0;0;0;0;1;1;1;0;0;0;0;1;0;0;1;0;0;1;0;1;0;0;0
1;1;0;1;1;1;0;0;1;1;0;1;1;0;1;1;1;0;0;1;0;0;1;1;0;0;0;0;1;0;1;0;0;0;1;0;1;0;0;0
1;1;0;1;1;1;0;0;1;1;0;1;1;1;0;1;1;0;0;0;0;1;1;0;0;0;1;0;1;0;1;0;0;0;1;0;1;0;0;0
1;1;1;0;1;1;0;0;1;1;0;1;1;1;0;1;1;1;0;0;0;0;1;0;0;0;1;0;1;1;0;0;0;0;1;0;0;1;0;0
1;1;0;1;1;1;0;0;1;1;1;0;1;0;1;0;1;1;0;0;0;0;1;0;1;0;0;0;1;0;1;0;0;0;1;0;1;0;0;0
1;1;1;0;1;0;1;0;1;1;0;1;1;1;0;1;1;1;0;0;0;0;1;0;0;0;0;1;1;0;0;1;0;0;1;0;1;0;0;0
1;1;0;1;1;1;0;1;1;1;0;1;1;0;1;0;1;0;0;0;0;1;1;0;1;0;0;0;1;0;0;0;1;0;1;0;0;0;0;1
1;1;1;0;1;0;1;0;1;1;0;1;1;1;0;1;1;0;1;0;0;0;1;0;0;0;0;1;1;0;0;1;0;0;1;0;1;0;0;0
1;1;0;1;0;0;0;1;1;1;1;0;1;0;1;1;1;0;0;1;0;0;1;0;1;0;0;0;1;0;1;0;0;0;1;0;0;0;1;0
1;1;0;1;1;0;1;0;1;1;1;0;1;1;0;0;1;0;0;1;0;0;1;0;1;0;0;0;1;1;0;0;0;0;1;0;1;0;0;0
1;1;1;0;1;0;1;0;1;1;0;1;1;0;1;1;1;0;0;0;1;0;1;0;0;0;0;1;1;0;0;0;1;0;1;0;0;1;0;0
1;1;0;1;1;0;1;1;1;1;1;0;1;0;1;0;1;1;0;0;0;0;1;0;1;0;0;0;1;1;0;0;0;0;1;0;0;1;0;0
1;1;1;0;0;0;0;0;1;1;1;0;1;0;1;1;1;0;0;0;0;1;1;1;0;0;0;0;1;0;0;0;0;1;1;1;0;0;0;0
1;1;1;0;1;1;0;0;1;1;0;1;1;1;0;0;1;0;0;1;0;0;1;0;0;1;0;0;1;0;0;1;0;0;1;0;0;0;0;1
1;1;0;1;0;0;0;1;1;1;1;0;1;1;0;1;1;1;0;0;0;0;1;0;1;0;0;0;1;0;0;0;1;0;1;0;1;0;0;0
1;1;1;0;1;1;0;0;1;1;0;1;1;0;1;0;1;1;0;0;0;0;1;0;1;0;0;0;1;0;0;1;0;0;1;0;0;0;1;0
1;1;0;1;1;1;0;1;1;1;0;1;1;0;1;1;1;1;0;0;0;0;1;1;0;0;0;0;1;0;0;0;0;1;1;0;0;1;0;0
1;1;0;1;1;1;0;0;1;1;0;1;1;0;1;0;1;0;0;1;0;0;1;0;0;0;1;0;1;0;1;0;0;0;1;0;1;0;0;0
1;1;0;1;1;1;0;0;1;1;1;0;1;0;1;1;1;0;0;1;0;0;1;0;1;0;0;0;1;0;1;0;0;0;1;0;1;0;0;0
1;1;0;1;0;0;0;0;1;1;1;0;1;1;0;1;1;1;0;0;0;0;1;0;0;0;1;0;1;0;1;0;0;0;1;0;0;0;1;0
1;1;0;1;1;1;0;1;1;1;0;1;1;1;0;1;1;0;0;0;0;1;1;0;1;0;0;0;1;0;0;0;0;1;1;0;0;0;1;0
1;1;0;1;1;1;0;0;1;1;1;0;1;1;0;1;1;0;0;1;0;0;1;1;0;0;0;0;1;0;0;1;0;0;1;1;0;0;0;0
1;1;1;0;1;1;0;1;1;1;0;1;1;1;0;1;1;0;1;0;0;0;1;0;0;0;0;1;1;0;0;1;0;0;1;0;0;1;0;0
1;1;1;0;1;1;0;1;1;1;0;1;1;1;0;1;1;0;1;0;0;0;1;0;1;0;0;0;1;1;0;0;0;0;1;1;0;0;0;0
1;1;1;0;1;1;0;0;1;1;1;0;1;1;0;1;1;0;0;1;0;0;1;0;0;1;0;0;1;0;1;0;0;0;1;1;0;0;0;0
1;1;1;0;1;0;1;1;1;1;1;0;1;1;0;0;1;1;0;0;0;0;1;0;1;0;0;0;1;1;0;0;0;0;1;0;0;0;1;0
1;1;1;0;0;0;0;1;1;1;1;0;1;0;1;1;1;0;1;0;0;0;1;0;0;0;0;1;1;0;0;1;0;0;1;0;0;0;1;0
1;1;0;1;1;0;1;1;1;1;1;0;1;0;1;1;1;0;0;1;0;0;1;0;0;0;0;1;1;1;0;0;0;0;1;0;0;0;1;0
1;1;1;0;1;1;0;0;1;1;0;1;1;0;1;1;1;0;0;0;1;0;1;0;0;0;0;1;1;0;0;0;0;1;1;1;0;0;0;0
1;1;0;1;0;0;0;0;1;1;0;1;1;1;0;1;1;0;0;0;0;1;1;1;0;0;0;0;1;0;0;0;0;1;1;1;0;0;0;0
1;1;0;1;1;0;1;0;1;1;1;0;1;0;1;1;1;0;0;0;0;1;1;0;0;0;0;1;1;0;0;1;0;0;1;0;0;0;0;1
1;1;1;0;1;1;0;1;1;1;1;0;1;0;1;1;1;1;0;0;0;0;1;1;0;0;0;0;1;0;0;0;1;0;1;0;0;1;0;0
1;1;0;1;1;1;0;1;1;1;1;0;1;1;0;1;1;0;0;0;1;0;1;0;0;1;0;0;1;0;0;0;1;0;1;0;0;0;0;1
1;1;0;1;1;1;0;1;1;1;0;1;1;1;0;1;1;0;1;0;0;0;1;1;0;0;0;0;1;0;1;0;0;0;1;0;1;0;0;0
1;1;0;1;1;1;0;0;1;1;0;1;1;0;1;0;1;0;1;0;0;0;1;0;1;0;0;0;1;0;0;0;0;1;1;0;0;0;1;0
1;1;1;0;0;0;0;0;1;1;0;1;1;0;1;0;1;0;0;0;0;1;1;0;0;0;1;0;1;0;0;0;0;1;1;1;0;0;0;0
1;1;1;0;1;0;1;1;1;1;1;0;1;1;0;1;1;0;0;0;0;1;1;0;0;0;0;1;1;0;0;1;0;0;1;0;1;0;0;0
1;1;1;0;0;0;0;0;1;1;0;1;1;0;1;1;1;1;0;0;0;0;1;1;0;0;0;0;1;0;1;0;0;0;1;0;0;0;0;1
1;1;0;1;1;1;0;0;1;1;1;0;1;1;0;1;1;0;0;0;1;0;1;0;1;0;0;0;1;1;0;0;0;0;1;1;0;0;0;0
1;1;0;1;1;1;0;0;1;1;1;0;1;0;1;1;1;0;1;0;0;0;1;0;0;1;0;0;1;1;0;0;0;0;1;1;0;0;0;0
1;1;0;1;1;0;1;0;1;1;1;0;1;1;0;0;1;0;0;1;0;0;1;1;0;0;0;0;1;0;0;0;1;0;1;0;1;0;0;0
1;1;0;1;1;0;1;0;1;1;0;1;1;0;1;0;1;1;0;0;0;0;1;0;0;0;1;0;1;0;0;0;1;0;1;1;0;0;0;0
1;1;0;1;0;0;0;0;1;1;0;1;1;0;1;0;1;0;1;0;0;0;1;0;0;0;1;0;1;0;0;1;0;0;1;0;0;0;1;0
1;1;1;0;1;1;0;1;1;1;0;1;1;1;0;0;1;1;0;0;0;0;1;0;0;0;0;1;1;0;1;0;0;0;1;1;0;0;0;0
1;1;1;0;1;1;0;0;1;1;0;1;1;1;0;0;1;0;0;0;0;1;1;0;1;0;0;0;1;0;0;0;0;1;1;0;0;1;0;0
1;1;1;0;1;1;0;1;1;1;1;0;1;1;0;1;1;0;0;0;1;0;1;0;0;0;1;0;1;0;0;1;0;0;1;0;0;1;0;0
1;1;1;0;0;0;0;0;1;1;1;0;1;0;1;0;1;0;0;0;1;0;1;0;1;0;0;0;1;1;0;0;0;0;1;0;0;0;1;0
1;1;1;0;0;0;0;1;1;1;1;0;1;1;0;1;1;1;0;0;0;0;1;0;0;1;0;0;1;0;0;0;1;0;1;0;0;0;0;1
1;1;1;0;1;0;1;0;1;1;0;1;1;0;1;0;1;0;1;0;0;0;1;0;0;1;0;0;1;1;0;0;0;0;1;0;0;1;0;0
1;1;0;1;1;0;1;0;1;1;0;1;1;0;1;1;1;0;0;0;0;1;1;0;1;0;0;0;1;0;0;0;0;1;1;0;0;0;0;1
1;1;0;1;1;1;0;0;1;1;1;0;1;0;1;0;1;0;0;0;0;1;1;1;0;0;0;0;1;0;0;1;0;0;1;0;0;0;0;1
1;1;1;0;1;0;1;0;1;1;1;0;1;0;1;0;1;0;0;1;0;0;1;0;0;0;0;1;1;0;0;0;1;0;1;0;0;0;1;0
1;1;1;0;1;0;1;1;1;1;1;0;1;1;0;1;1;1;0;0;0;0;1;0;0;1;0;0;1;0;1;0;0;0;1;0;0;1;0;0
1;1;1;0;1;0;1;1;1;1;0;1;1;1;0;1;1;1;0;0;0;0;1;0;0;0;0;1;1;0;0;1;0;0;1;0;0;0;0;1
1;1;0;1;1;0;1;0;1;1;0;1;1;1;0;1;1;1;0;0;0;0;1;0;0;1;0;0;1;1;0;0;0;0;1;1;0;0;0;0
1;1;0;1;1;0;1;1;1;1;1;0;1;0;1;1;1;0;0;0;1;0;1;1;0;0;0;0;1;0;0;0;1;0;1;0;0;0;0;1
1;1;1;0;0;0;0;1;1;1;1;0;1;0;1;0;1;0;0;0;1;0;1;0;0;0;1;0;1;1;0;0;0;0;1;0;0;0;0;1
1;1;1;0;0;0;0;1;1;1;1;0;1;1;0;0;1;1;0;0;0;0;1;0;0;0;0;1;1;0;0;0;0;1;1;0;0;1;0;0
1;1;0;1;1;0;1;0;1;1;1;0;1;0;1;1;1;0;0;0;1;0;1;0;0;0;1;0;1;1;0;0;0;0;1;0;1;0;0;0
1;1;1;0;0;0;0;1;1;1;0;1;1;1;0;1;1;0;1;0;0;0;1;0;1;0;0;0;1;0;1;0;0;0;1;0;0;0;1;0
1;1;1;0;1;1;0;0;1;1;0;1;1;0;1;1;1;0;1;0;0;0;1;0;1;0;0;0;1;0;1;0;0;0;1;1;0;0;0;0
1;1;0;1;1;1;0;1;1;1;0;1;1;1;0;0;1;0;0;0;0;1;1;0;0;1;0;0;1;0;1;0;0;0;1;0;0;0;0;1
1;1;0;1;1;1;0;1;1;1;1;0;1;1;0;0;1;0;1;0;0;0;1;0;0;0;0;1;1;0;0;0;1;0;1;1;0;0;0;0
1;1;1;0;1;0;1;1;1;1;1;0;1;1;0;0;1;0;0;0;0;1;1;0;0;0;1;0;1;0;0;0;0;1;1;1;0;0;0;0
1;1;0;1;1;0;1;0;1;1;0;1;1;1;0;1;1;1;0;0;0;0;1;0;0;0;1;0;1;1;0;0;0;0;1;1;0;0;0;0
1;1;0;1;1;1;0;1;1;1;0;1;1;1;0;0;1;0;0;0;1;0;1;0;1;0;0;0;1;1;0;0;0;0;1;0;0;0;1;0
1;1;1;0;0;0;0;0;1;1;1;0;1;1;0;1;1;0;0;0;0;1;1;0;1;0;0;0;1;1;0;0;0;0;1;0;0;1;0;0
1;1;1;0;1;0;1;0;1;1;0;1;1;1;0;0;1;1;0;0;0;0;1;0;0;0;1;0;1;0;1;0;0;0;1;0;0;0;1;0
1;1;0;1;1;1;0;0;1;1;0;1;1;0;1;0;1;0;1;0;0;0;1;0;0;0;0;1;1;0;0;1;0;0;1;0;1;0;0;0
1;1;0;1;1;0;1;0;1;1;0;1;1;1;0;0;1;0;0;0;1;0;1;1;0;0;0;0;1;0;1;0;0;0;1;0;0;1;0;0
1;1;1;0;1;1;0;1;1;1;0;1;1;0;1;1;1;1;0;0;0;0;1;0;0;1;0;0;1;1;0;0;0;0;1;0;0;0;1;0
1;1;1;0;1;1;0;0;1;1;1;0;1;0;1;0;1;1;0;0;0;0;1;0;0;0;0;1;1;1;0;0;0;0;1;1;0;0;0;0
1;1;0;1;1;0;1;0;1;1;1;0;1;0;1;1;1;0;1;0;0;0;1;0;1;0;0;0;1;0;0;0;1;0;1;0;1;0;0;0
1;1;1;0;1;0;1;1;1;1;1;0;1;1;0;0;1;1;0;0;0;0;1;0;0;0;0;1;1;1;0;0;0;0;1;0;1;0;0;0
1;1;0;1;1;1;0;1;1;1;0;1;1;1;0;1;1;0;1;0;0;0;1;0;0;1;0;0;1;0;1;0;0;0;1;0;1;0;0;0
1;1;1;0;0;0;0;1;1;1;0;1;1;0;1;0;1;0;0;1;0;0;1;1;0;0;0;0;1;0;1;0;0;0;1;0;0;0;0;1
1;1;1;0;0;0;0;0;1;1;0;1;1;1;0;1;1;0;0;0;1;0;1;0;0;0;1;0;1;0;1;0;0;0;1;1;0;0;0;0
1;1;1;0;1;0;1;1;1;1;1;0;1;1;0;0;1;0;0;1;0;0;1;0;1;0;0;0;1;0;1;0;0;0;1;0;1;0;0;0
1;1;1;0;0;0;0;0;1;1;0;1;1;1;0;1;1;0;0;0;0;1;1;0;0;0;1;0;1;0;0;0;0;1;1;0;1;0;0;0
1;1;0;1;1;0;1;0;1;1;1;0;1;0;1;0;1;0;0;1;0;0;1;0;1;0;0;0;1;1;0;0;0;0;1;0;0;0;1;0
1;1;0;1;0;0;0;0;1;1;0;1;1;1;0;1;1;0;0;0;0;1;1;0;0;0;1;0;1;0;0;0;0;1;1;0;0;0;0;1
1;1;1;0;1;1;0;0;1;1;1;0;1;0;1;0;1;0;1;0;0;0;1;0;0;0;1;0;1;0;1;0;0;0;1;1;0;0;0;0
1;1;1;0;1;0;1;1;1;1;1;0;1;1;0;0;1;0;0;0;0;1;1;0;0;0;1;0;1;0;0;0;0;1;1;1;0;0;0;0
1;1;0;1;0;0;0;1;1;1;1;0;1;1;0;0;1;0;1;0;0;0;1;0;1;0;0;0;1;0;0;0;0;1;1;0;0;1;0;0
1;1;1;0;1;1;0;1;1;1;1;0;1;1;0;0;1;0;1;0;0;0;1;1;0;0;0;0;1;1;0;0;0;0;1;0;1;0;0;0
1;1;1;0;0;0;0;0;1;1;1;0;1;1;0;0;1;0;0;0;0;1;1;0;0;0;0;1;1;0;0;0;1;0;1;0;0;1;0;0
1;1;0;1;1;1;0;0;1;1;1;0;1;0;1;1;1;0;1;0;0;0;1;0;0;0;1;0;1;0;0;0;0;1;1;0;0;1;0;0
1;1;1;0;1;1;0;1;1;1;1;0;1;1;0;1;1;0;0;0;1;0;1;0;1;0;0;0;1;0;1;0;0;0;1;0;0;1;0;0
1;1;1;0;0;0;0;1;1;1;1;0;1;1;0;0;1;0;0;0;1;0;1;0;0;1;0;0;1;0;0;0;0;1;1;0;0;1;0;0
1;1;1;0;1;0;1;1;1;1;1;0;1;1;0;1;1;0;0;0;1;0;1;0;0;0;1;0;1;1;0;0;0;0;1;0;0;1;0;0
1;1;0;1;1;0;1;1;1;1;1;0;1;0;1;1;1;0;0;1;0;0;1;0;0;0;1;0;1;0;1;0;0;0;1;0;0;0;1;0
1;1;1;0;1;0;1;1;1;1;0;1;1;1;0;1;1;0;1;0;0;0;1;1;0;0;0;0;1;0;0;1;0;0;1;0;0;0;0;1
1;1;1;0;0;0;0;0;1;1;1;0;1;0;1;0;1;0;1;0;0;0;1;0;0;0;1;0;1;0;0;0;1;0;1;0;0;1;0;0
1;1;0;1;0;0;0;0;1;1;1;0;1;0;1;0;1;0;0;0;1;0;1;0;0;0;1;0;1;0;1;0;0;0;1;0;0;0;0;1
1;1;1;0;1;0;1;1;1;1;1;0;1;1;0;0;1;0;0;1;0;0;1;0;0;0;0;1;1;0;0;0;1;0;1;0;0;0;1;0
1;1;0;1;0;0;0;1;1;1;0;1;1;0;1;1;1;0;0;0;0;1;1;1;0;0;0;0;1;0;1;0;0;0;1;1;0;0;0;0
1;1;0;1;1;1;0;1;1;1;1;0;1;0;1;0;1;0;0;0;1;0;1;0;0;1;0;0;1;0;0;1;0;0;1;0;0;0;0;1
1;1;1;0;0;0;0;1;1;1;0;1;1;0;1;1;1;0;0;0;0;1;1;1;0;0;0;0;1;0;1;0;0;0;1;0;0;1;0;0
1;1;1;0;0;0;0;0;1;1;0;1;1;1;0;0;1;0;0;0;1;0;1;1;0;0;0;0;1;0;1;0;0;0;1;0;1;0;0;0
1;1;0;1;1;0;1;1;1;1;0;1;1;0;1;1;1;0;0;0;0;1;1;1;0;0;0;0;1;1;0;0;0;0;1;0;0;1;0;0
1;1;0;1;1;0;1;0;1;1;0;1;1;0;1;0;1;0;0;0;1;0;1;0;0;0;1;0;1;0;1;0;0;0;1;1;0;0;0;0
1;1;0;1;1;1;0;1;1;1;1;0;1;1;0;0;1;1;0;0;0;0;1;0;0;0;1;0;1;0;1;0;0;0;1;0;0;0;1;0
1;1;1;0;1;1;0;1;1;1;0;1;1;0;1;1;1;0;0;0;1;0;1;1;0;0;0;0;1;1;0;0;0;0;1;0;0;0;0;1
1;1;0;1;1;1;0;1;1;1;1;0;1;1;0;1;1;0;0;0;1;0;1;0;0;0;1;0;1;1;0;0;0;0;1;0;0;0;0;1
1;1;1;0;1;1;0;1;1;1;0;1;1;0;1;1;1;0;0;0;1;0;1;0;0;0;1;0;1;0;0;0;1;0;1;0;0;1;0;0
1;1;1;0;1;0;1;1;1;1;1;0;1;1;0;0;1;1;0;0;0;0;1;0;0;0;1;0;1;0;0;0;0;1;1;1;0;0;0;0
1;1;1;0;0;0;0;1;1;1;1;0;1;0;1;1;1;0;0;1;0;0;1;1;0;0;0;0;1;0;0;1;0;0;1;1;0;0;0;0
1;1;1;0;0;0;0;1;1;1;1;0;1;1;0;0;1;0;0;0;1;0;1;1;0;0;0;0;1;0;1;0;0;0;1;0;0;1;0;0
1;1;0;1;1;1;0;0;1;1;0;1;1;0;1;0;1;1;0;0;0;0;1;1;0;0;0;0;1;0;0;1;0;0;1;0;0;1;0;0
1;1;1;0;1;0;1;1;1;1;0;1;1;1;0;0;1;1;0;0;0;0;1;0;1;0;0;0;1;0;0;0;1;0;1;0;0;1;0;0
1;1;1;0;1;0;1;0;1;1;0;1;1;1;0;0;1;0;1;0;0;0;1;0;0;0;0;1;1;0;1;0;0;0;1;1;0;0;0;0
1;1;1;0;0;0;0;0;1;1;0;1;1;0;1;0;1;1;0;0;0;0;1;0;1;0;0;0;1;0;0;1;0;0;1;0;0;1;0;0
1;1;0;1;1;0;1;1;1;1;0;1;1;1;0;1;1;0;0;0;1;0;1;0;0;1;0;0;1;0;0;1;0;0;1;0;0;1;0;0
1;1;0;1;1;1;0;0;1;1;0;1;1;1;0;0;1;0;0;0;0;1;1;0;1;0;0;0;1;0;0;0;1;0;1;0;0;0;0;1
1;1;1;0;1;1;0;1;1;1;0;1;1;1;0;0;1;0;0;1;0;0;1;0;0;0;1;0;1;0;0;0;0;1;1;0;0;1;0;0
1;1;0;1;0;0;0;0;1;1;1;0;1;1;0;0;1;0;1;0;0;0;1;0;1;0;0;0;1;1;0;0;0;0;1;0;0;1;0;0
1;1;1;0;1;0;1;1;1;1;1;0;1;0;1;0;1;1;0;0;0;0;1;0;1;0;0;0;1;0;0;0;0;1;1;0;1;0;0;0
1;1;0;1;1;1;0;1;1;1;0;1;1;1;0;0;1;0;1;0;0;0;1;1;0;0;0;0;1;0;0;0;0;1;1;0;0;0;0;1
1;1;1;0;0;0;0;0;1;1;1;0;1;0;1;0;1;0;1;0;0;0;1;0;0;0;0;1;1;0;0;0;1;0;1;0;0;0;0;1
1;1;0;1;0;0;0;0;1;1;1;0;1;0;1;0;1;0;1;0;0;0;1;0;0;1;0;0;1;1;0;0;0;0;1;0;0;0;0;1
1;1;0;1;0;0;0;1;1;1;0;1;1;1;0;0;1;1;0;0;0;0;1;0;0;0;0;1;1;1;0;0;0;0;1;1;0;0;0;0
1;1;0;1;1;0;1;0;1;1;0;1;1;0;1;0;1;0;1;0;0;0;1;0;1;0;0;0;1;1;0;0;0;0;1;0;1;0;0;0
1;1;1;0;1;0;1;1;1;1;0;1;1;0;1;0;1;0;0;0;1;0;1;1;0;0;0;0;1;0;0;0;0;1;1;0;0;1;0;0
1;1;0;1;1;1;0;1;1;1;1;0;1;1;0;1;1;0;1;0;0;0;1;0;0;1;0;0;1;0;0;0;1;0;1;0;1;0;0;0
1;1;1;0;0;0;0;0;1;1;1;0;1;1;0;0;1;0;0;0;0;1;1;1;0;0;0;0;1;0;0;1;0;0;1;1;0;0;0;0
1;1;1;0;1;0;1;0;1;1;0;1;1;1;0;1;1;1;0;0;0;0;1;0;0;1;0;0;1;0;0;1;0;0;1;0;0;0;0;1
1;1;0;1;1;1;0;0;1;1;1;0;1;0;1;0;1;0;0;1;0;0;1;0;1;0;0;0;1;1;0;0;0;0;1;0;1;0;0;0
1;1;0;1;1;1;0;0;1;1;0;1;1;0;1;1;1;0;0;1;0;0;1;0;1;0;0;0;1;0;0;0;0;1;1;1;0;0;0;0
1;1;1;0;0;0;0;1;1;1;1;0;1;1;0;1;1;0;0;0;1;0;1;0;0;0;0;1;1;0;0;1;0;0;1;0;1;0;0;0
1;1;0;1;0;0;0;1;1;1;1;0;1;0;1;0;1;0;0;1;0;0;1;0;0;0;1;0;1;0;0;0;1;0;1;0;0;0;0;1
1;1;1;0;0;0;0;0;1;1;0;1;1;0;1;0;1;0;1;0;0;0;1;0;0;0;0;1;1;0;0;0;0;1;1;0;1;0;0;0
1;1;1;0;0;0;0;0;1;1;0;1;1;1;0;1;1;0;1;0;0;0;1;0;0;1;0;0;1;1;0;0;0;0;1;0;1;0;0;0
1;1;1;0;1;0;1;1;1;1;0;1;1;0;1;1;1;0;0;1;0;0;1;0;0;0;1;0;1;0;0;0;0;1;1;1;0;0;0;0
1;1;1;0;0;0;0;0;1;1;1;0;1;1;0;1;1;0;1;0;0;0;1;1;0;0;0;0;1;0;0;0;0;1;1;1;0;0;0;0
1;1;0;1;1;1;0;1;1;1;1;0;1;0;1;0;1;0;0;0;0;1;1;0;0;0;0;1;1;0;0;0;0;1;1;0;0;0;1;0
1;1;0;1;0;0;0;0;1;1;0;1;1;0;1;0;1;0;0;1;0;0;1;0;0;1;0;0;1;0;1;0;0;0;1;0;0;0;1;0
1;1;0;1;0;0;0;1;1;1;1;0;1;0;1;1;1;0;0;1;0;0;1;0;1;0;0;0;1;0;0;1;0;0;1;0;0;0;0;1
1;1;1;0;1;0;1;0;1;1;1;0;1;1;0;0;1;0;0;0;0;1;1;1;0;0;0;0;1;0;0;0;1;0;1;1;0;0;0;0
1;1;0;1;0;0;0;1;1;1;1;0;1;0;1;0;1;0;1;0;0;0;1;0;0;0;1;0;1;0;0;1;0;0;1;0;0;0;0;1
1;1;1;0;1;0;1;0;1;1;1;0;1;1;0;1;1;0;0;0;1;0;1;0;0;1;0;0;1;0;1;0;0;0;1;0;0;1;0;0
1;1;1;0;0;0;0;0;1;1;1;0;1;0;1;0;1;1;0;0;0;0;1;0;0;0;1;0;1;0;1;0;0;0;1;0;0;0;0;1
1;1;1;0;1;0;1;1;1;1;0;1;1;1;0;1;1;1;0;0;0;0;1;0;0;1;0;0;1;0;0;1;0;0;1;0;1;0;0;0
1;1;1;0;0;0;0;0;1;1;1;0;1;0;1;1;1;0;0;0;1;0;1;0;0;0;0;1;1;0;1;0;0;0;1;0;0;0;0;1
1;1;1;0;0;0;0;0;1;1;0;1;1;1;0;0;1;1;0;0;0;0;1;0;0;0;0;1;1;0;0;0;1;0;1;0;0;0;1;0
1;1;1;0;1;1;0;0;1;1;1;0;1;0;1;0;1;0;0;0;1;0;1;1;0;0;0;0;1;1;0;0;0;0;1;0;0;0;0;1
1;1;0;1;1;1;0;0;1;1;0;1;1;1;0;0;1;0;0;0;1;0;1;0;0;0;1;0;1;0;0;1;0;0;1;0;0;1;0;0
1;1;0;1;0;0;0;0;1;1;0;1;1;1;0;1;1;1;0;0;0;0;1;0;0;1;0;0;1;0;1;0;0;0;1;0;0;1;0;0
1;1;0;1;1;1;0;0;1;1;1;0;1;0;1;1;1;0;1;0;0;0;1;0;0;1;0;0;1;0;0;0;1;0;1;0;0;0;1;0
1;1;0;1;0;0;0;0;1;1;1;0;1;0;1;1;1;0;0;0;0;1;1;0;0;0;1;0;1;1;0;0;0;0;1;0;0;0;1;0
1;1;1;0;1;0;1;0;1;1;1;0;1;0;1;1;1;1;0;0;0;0;1;0;0;0;0;1;1;0;0;0;0;1;1;0;1;0;0;0
1;1;0;1;0;0;0;0;1;1;0;1;1;0;1;0;1;1;0;0;0;0;1;0;0;0;1;0;1;0;1;0;0;0;1;0;1;0;0;0
1;1;0;1;0;0;0;1;1;1;0;1;1;1;0;1;1;0;0;0;1;0;1;0;0;0;0;1;1;0;1;0;0;0;1;0;1;0;0;0
1;1;0;1;1;0;1;0;1;1;1;0;1;1;0;1;1;0;0;0;0;1;1;0;0;1;0;0;1;0;0;0;0;1;1;0;1;0;0;0
1;1;0;1;0;0;0;1;1;1;0;1;1;1;0;1;1;1;0;0;0;0;1;0;1;0;0;0;1;0;0;1;0;0;1;0;0;1;0;0
1;1;0;1;1;0;1;0;1;1;0;1;1;1;0;0;1;0;0;0;0;1;1;0;1;0;0;0;1;1;0;0;0;0;1;0;0;1;0;0
1;1;0;1;1;0;1;0;1;1;1;0;1;0;1;1;1;0;0;1;0;0;1;0;1;0;0;0;1;1;0;0;0;0;1;0;0;1;0;0
1;1;1;0;1;0;1;1;1;1;1;0;1;0;1;1;1;0;0;0;1;0;1;0;0;0;1;0;1;0;0;0;0;1;1;0;0;0;0;1
1;1;1;0;1;0;1;0;1;1;1;0;1;1;0;1;1;1;0;0;0;0;1;0;0;0;1;0;1;0;0;0;0;1;1;0;1;0;0;0
1;1;0;1;1;1;0;0;1;1;0;1;1;0;1;0;1;0;0;0;0;1;1;0;0;0;0;1;1;0;0;0;0;1;1;0;0;0;0;1
1;1;1;0;0;0;0;0;1;1;0;1;1;1;0;0;1;0;0;0;1;0;1;0;0;0;1;0;1;0;1;0;0;0;1;1;0;0;0;0
1;1;0;1;1;0;1;1;1;1;1;0;1;0;1;1;1;0;0;1;0;0;1;0;1;0;0;0;1;0;0;0;0;1;1;0;1;0;0;0
1;1;0;1;1;0;1;0;1;1;0;1;1;0;1;1;1;0;1;0;0;0;1;0;0;1;0;0;1;1;0;0;0;0;1;0;0;0;0;1
1;1;1;0;1;0;1;1;1;1;1;0;1;0;1;0;1;1;0;0;0;0;1;0;0;0;0;1;1;0;0;0;0;1;1;0;1;0;0;0
1;1;1;0;1;1;0;1;1;1;1;0;1;0;1;1;1;1;0;0;0;0;1;0;0;1;0;0;1;0;0;1;0;0;1;1;0;0;0;0
1;1;1;0;0;0;0;0;1;1;1;0;1;0;1;1;1;0;0;0;1;0;1;0;1;0;0;0;1;1;0;0;0;0;1;0;0;0;0;1
1;1;1;0;0;0;0;0;1;1;1;0;1;1;0;1;1;0;0;1;0;0;1;0;1;0;0;0;1;0;0;0;0;1;1;0;0;1;0;0
1;1;0;1;0;0;0;0;1;1;0;1;1;1;0;0;1;0;0;0;0;1;1;0;1;0;0;0;1;0;0;0;0;1;1;0;0;0;0;1
1;1;1;0;1;0;1;0;1;1;1;0;1;0;1;0;1;0;0;0;1;0;1;0;1;0;0;0;1;0;0;0;1;0;1;0;0;0;1;0
1;1;1;0;0;0;0;1;1;1;1;0;1;1;0;0;1;0;1;0;0;0;1;0;1;0;0;0;1;0;0;1;0;0;1;1;0;0;0;0
1;1;1;0;0;0;0;0;1;1;0;1;1;1;0;0;1;1;0;0;0;0;1;0;0;0;0;1;1;0;1;0;0;0;1;0;0;0;1;0
1;1;1;0;0;0;0;1;1;1;1;0;1;0;1;0;1;0;1;0;0;0;1;0;1;0;0;0;1;0;0;0;1;0;1;0;1;0;0;0
1;1;0;1;1;0;1;1;1;1;0;1;1;1;0;1;1;0;0;1;0;0;1;1;0;0;0;0;1;0;0;0;1;0;1;0;0;0;1;0
1;1;0;1;0;0;0;1;1;1;1;0;1;1;0;1;1;0;0;0;1;0;1;0;1;0;0;0;1;1;0;0;0;0;1;1;0;0;0;0
1;1;0;1;1;1;0;0;1;1;1;0;1;1;0;0;1;1;0;0;0;0;1;0;0;0;0;1;1;0;0;0;0;1;1;0;0;1;0;0
1;1;0;1;0;0;0;0;1;1;1;0;1;0;1;0;1;0;1;0;0;0;1;0;0;0;0;1;1;1;0;0;0;0;1;0;1;0;0;0
1;1;0;1;0;0;0;1;1;1;1;0;1;0;1;1;1;0;0;0;1;0;1;0;0;0;0;1;1;0;1;0;0;0;1;1;0;0;0;0
1;1;0;1;1;0;1;0;1;1;0;1;1;0;1;1;1;0;1;0;0;0;1;0;0;1;0;0;1;0;0;0;0;1;1;0;0;1;0;0
1;1;1;0;1;0;1;0;1;1;0;1;1;0;1;1;1;0;0;0;1;0;1;0;1;0;0;0;1;0;0;0;0;1;1;0;0;0;0;1
1;1;0;1;0;0;0;0;1;1;0;1;1;0;1;0;1;0;0;1;0;0;1;1;0;0;0;0;1;0;0;0;1;0;1;0;0;0;1;0
1;1;0;1;1;0;1;1;1;1;0;1;1;0;1;1;1;1;0;0;0;0;1;1;0;0;0;0;1;0;0;1;0;0;1;0;0;1;0;0
1;1;0;1;1;0;1;0;1;1;0;1;1;0;1;0;1;0;0;1;0;0;1;0;0;0;1;0;1;0;0;0;1;0;1;0;0;1;0;0
1;1;1;0;0;0;0;0;1;1;0;1;1;1;0;0;1;0;0;1;0;0;1;0;0;0;1;0;1;0;0;1;0;0;1;0;0;0;0;1
1;1;1;0;1;0;1;0;1;1;1;0;1;1;0;1;1;0;0;1;0;0;1;0;0;0;1;0;1;0;0;0;0;1;1;0;1;0;0;0
1;1;0;1;1;0;1;1;1;1;0;1;1;0;1;0;1;0;0;0;1;0;1;0;0;0;0;1;1;0;0;0;0;1;1;0;0;0;1;0
1;1;1;0;1;1;0;0;1;1;0;1;1;1;0;0;1;0;0;0;0;1;1;1;0;0;0;0;1;0;1;0;0;0;1;0;1;0;0;0
1;1;0;1;1;1;0;1;1;1;1;0;1;0;1;0;1;0;0;0;0;1;1;0;0;1;0;0;1;0;0;1;0;0;1;0;0;0;1;0
1;1;1;0;0;0;0;1;1;1;0;1;1;1;0;0;1;0;1;0;0;0;1;1;0;0;0;0;1;0;1;0;0;0;1;0;1;0;0;0
1;1;0;1;1;1;0;0;1;1;0;1;1;0;1;1;1;0;1;0;0;0;1;0;0;1;0;0;1;0;1;0;0;0;1;0;0;0;0;1
1;1;1;0;1;0;1;0;1;1;1;0;1;0;1;1;1;0;0;0;1;0;1;0;0;0;0;1;1;0;0;0;0;1;1;1;0;0;0;0
1;1;0;1;1;1;0;1;1;1;0;1;1;1;0;1;1;0;0;1;0;0;1;0;0;1;0;0;1;1;0;0;0;0;1;0;0;0;1;0
1;1;1;0;0;0;0;0;1;1;1;0;1;0;1;0;1;0;1;0;0;0;1;0;0;0;0;1;1;0;1;0;0;0;1;1;0;0;0;0
1;1;0;1;1;0;1;1;1;1;0;1;1;0;1;0;1;0;0;1;0;0;1;0;0;0;1;0;1;0;0;1;0;0;1;1;0;0;0;0
1;1;0;1;0;0;0;1;1;1;1;0;1;1;0;1;1;0;0;0;1;0;1;0;0;1;0;0;1;0;0;1;0;0;1;0;0;1;0;0
1;1;1;0;1;1;0;1;1;1;0;1;1;1;0;1;1;0;0;1;0;0;1;0;0;1;0;0;1;1;0;0;0;0;1;0;1;0;0;0
1;1;1;0;1;1;0;1;1;1;0;1;1;1;0;0;1;0;1;0;0;0;1;0;0;0;1;0;1;0;0;1;0;0;1;0;1;0;0;0
1;1;0;1;1;0;1;0;1;1;1;0;1;0;1;1;1;0;0;1;0;0;1;1;0;0;0;0;1;0;0;1;0;0;1;0;0;0;1;0
1;1;1;0;0;0;0;0;1;1;0;1;1;1;0;0;1;0;1;0;0;0;1;1;0;0;0;0;1;0;0;0;0;1;1;0;0;0;0;1
1;1;1;0;1;1;0;1;1;1;1;0;1;1;0;1;1;1;0;0;0;0;1;0;0;0;1;0;1;1;0;0;0;0;1;0;0;1;0;0
1;1;1;0;0;0;0;0;1;1;1;0;1;0;1;0;1;0;0;0;0;1;1;0;0;1;0;0;1;1;0;0;0;0;1;0;0;0;1;0
1;1;0;1;1;0;1;1;1;1;0;1;1;0;1;0;1;0;0;0;1;0;1;1;0;0;0;0;1;0;1;0;0;0;1;0;0;0;0;1
1;1;0;1;1;0;1;1;1;1;1;0;1;1;0;1;1;0;0;1;0;0;1;0;0;0;0;1;1;0;0;0;0;1;1;0;0;1;0;0
1;1;1;0;1;0;1;1;1;1;1;0;1;1;0;1;1;0;1;0;0;0;1;0;0;1;0;0;1;0;0;1;0;0;1;1;0;0;0;0
1;1;1;0;0;0;0;0;1;1;0;1;1;1;0;0;1;0;0;0;0;1;1;1;0;0;0;0;1;0;0;0;0;1;1;1;0;0;0;0
1;1;0;1;1;1;0;1;1;1;1;0;1;0;1;1;1;0;1;0;0;0;1;0;0;0;0;1;1;1;0;0;0;0;1;0;0;0;0;1
1;1;1;0;0;0;0;1;1;1;1;0;1;0;1;0;1;0;0;1;0;0;1;1;0;0;0;0;1;0;0;0;0;1;1;0;1;0;0;0
1;1;0;1;0;0;0;0;1;1;1;0;1;1;0;1;1;0;0;0;1;0;1;1;0;0;0;0;1;0;0;0;0;1;1;1;0;0;0;0
1;1;1;0;0;0;0;1;1;1;1;0;1;1;0;1;1;0;1;0;0;0;1;0;0;0;1;0;1;1;0;0;0;0;1;0;1;0;0;0
1;1;1;0;1;1;0;1;1;1;0;1;1;0;1;0;1;0;0;1;0;0;1;0;0;0;0;1;1;0;0;1;0;0;1;0;0;0;0;1
1;1;1;0;0;0;0;1;1;1;0;1;1;0;1;0;1;0;1;0;0;0;1;0;0;0;0;1;1;0;0;0;0;1;1;0;0;0;0;1
1;1;1;0;0;0;0;0;1;1;1;0;1;1;0;1;1;0;0;0;1;0;1;0;0;0;1;0;1;1;0;0;0;0;1;0;0;0;0;1
1;1;1;0;1;0;1;0;1;1;0;1;1;0;1;1;1;0;1;0;0;0;1;0;0;1;0;0;1;0;1;0;0;0;1;0;0;1;0;0
1;1;1;0;0;0;0;0;1;1;1;0;1;1;0;1;1;0;0;1;0;0;1;0;0;0;0;1;1;1;0;0;0;0;1;0;0;0;1;0
1;1;0;1;0;0;0;1;1;1;0;1;1;1;0;0;1;1;0;0;0;0;1;0;0;0;1;0;1;0;1;0;0;0;1;0;1;0;0;0
1;1;1;0;1;0;1;1;1;1;0;1;1;1;0;0;1;1;0;0;0;0;1;1;0;0;0;0;1;0;0;0;1;0;1;0;0;1;0;0
1;1;1;0;1;1;0;1;1;1;0;1;1;1;0;1;1;0;0;1;0;0;1;0;0;1;0;0;1;0;0;1;0;0;1;0;0;0;1;0
1;1;1;0;1;0;1;0;1;1;0;1;1;1;0;0;1;0;0;1;0;0;1;0;0;0;1;0;1;1;0;0;0;0;1;0;0;0;0;1
1;1;1;0;1;1;0;1;1;1;0;1;1;1;0;1;1;0;0;1;0;0;1;0;0;1;0;0;1;0;0;0;1;0;1;0;0;1;0;0
1;1;1;0;1;0;1;0;1;1;1;0;1;1;0;0;1;1;0;0;0;0;1;0;1;0;0;0;1;0;0;0;1;0;1;1;0;0;0;0
1;1;0;1;0;0;0;0;1;1;1;0;1;1;0;1;1;0;0;1;0;0;1;0;0;0;1;0;1;1;0;0;0;0;1;0;0;0;1;0
1;1;1;0;0;0;0;1;1;1;1;0;1;1;0;1;1;0;0;0;1;0;1;0;0;0;0;1;1;0;0;1;0;0;1;0;0;1;0;0
1;1;0;1;0;0;0;0;1;1;0;1;1;0;1;0;1;1;0;0;0;0;1;0;0;0;1;0;1;1;0;0;0;0;1;0;0;0;1;0
1;1;0;1;0;0;0;1;1;1;0;1;1;0;1;0;1;0;1;0;0;0;1;1;0;0;0;0;1;0;0;0;1;0;1;0;0;0;1;0
1;1;0;1;1;0;1;1;1;1;0;1;1;1;0;1;1;0;0;0;1;0;1;1;0;0;0;0;1;0;0;0;0;1;1;0;0;0;0;1
1;1;1;0;1;1;0;0;1;1;1;0;1;0;1;0;1;0;0;0;1;0;1;0;1;0;0;0;1;1;0;0;0;0;1;0;1;0;0;0
1;1;0;1;1;0;1;0;1;1;0;1;1;1;0;1;1;0;0;0;1;0;1;0;0;1;0;0;1;0;0;0;1;0;1;1;0;0;0;0
1;1;0;1;1;0;1;1;1;1;0;1;1;0;1;1;1;0;1;0;0;0;1;0;1;0;0;0;1;0;0;1;0;0;1;0;0;1;0;0
1;1;1;0;1;0;1;1;1;1;1;0;1;0;1;1;1;0;0;0;0;1;1;0;1;0;0;0;1;0;0;0;0;1;1;0;0;0;0;1
1;1;1;0;0;0;0;0;1;1;1;0;1;1;0;1;1;1;0;0;0;0;1;0;0;0;0;1;1;1;0;0;0;0;1;0;0;0;0;1
1;1;1;0;1;0;1;1;1;1;1;0;1;1;0;0;1;0;0;0;0;1;1;0;0;1;0;0;1;0;0;0;1;0;1;0;0;1;0;0
1;1;1;0;0;0;0;1;1;1;1;0;1;0;1;0;1;0;1;0;0;0;1;0;1;0;0;0;1;0;0;0;1;0;1;1;0;0;0;0
1;1;1;0;1;1;0;1;1;1;1;0;1;1;0;0;1;0;0;1;0;0;1;0;0;0;0;1;1;0;0;0;1;0;1;0;0;0;1;0
1;1;1;0;0;0;0;0;1;1;1;0;1;0;1;0;1;0;1;0;0;0;1;0;1;0;0;0;1;0;1;0;0;0;1;1;0;0;0;0
1;1;1;0;1;0;1;0;1;1;0;1;1;1;0;1;1;0;0;1;0;0;1;0;0;1;0;0;1;0;0;0;1;0;1;0;1;0;0;0
1;1;0;1;0;0;0;0;1;1;0;1;1;0;1;1;1;0;0;1;0;0;1;0;0;0;1;0;1;0;0;1;0;0;1;0;0;0;1;0
1;1;1;0;1;1;0;0;1;1;0;1;1;0;1;0;1;0;0;1;0;0;1;0;0;1;0;0;1;0;0;0;1;0;1;0;0;1;0;0
1;1;1;0;0;0;0;1;1;1;1;0;1;0;1;1;1;0;0;1;0;0;1;1;0;0;0;0;1;0;0;0;0;1;1;1;0;0;0;0
1;1;1;0;0;0;0;0;1;1;0;1;1;0;1;1;1;0;1;0;0;0;1;1;0;0;0;0;1;0;0;0;0;1;1;0;0;0;0;1
1;1;0;1;1;0;1;0;1;1;0;1;1;1;0;1;1;0;0;0;1;0;1;1;0;0;0;0;1;0;0;0;0;1;1;0;0;0;0;1
1;1;1;0;0;0;0;1;1;1;1;0;1;1;0;1;1;0;0;0;1;0;1;0;0;0;1;0;1;0;0;0;1;0;1;0;0;1;0;0
1;1;0;1;1;0;1;1;1;1;0;1;1;0;1;1;1;0;0;0;1;0;1;0;0;1;0;0;1;0;1;0;0;0;1;1;0;0;0;0
1;1;1;0;1;1;0;1;1;1;0;1;1;0;1;0;1;1;0;0;0;0;1;0;1;0;0;0;1;0;0;0;1;0;1;0;1;0;0;0
1;1;1;0;1;1;0;0;1;1;0;1;1;0;1;0;1;0;0;0;0;1;1;0;1;0;0;0;1;0;0;1;0;0;1;0;0;1;0;0
1;1;0;1;1;0;1;0;1;1;0;1;1;1;0;1;1;0;0;1;0;0;1;0;0;0;0;1;1;0;0;0;0;1;1;1;0;0;0;0
1;1;0;1;1;0;1;1;1;1;1;0;1;1;0;0;1;0;0;1;0;0;1;1;0;0;0;0;1;0;0;1;0;0;1;0;1;0;0;0
1;1;1;0;0;0;0;1;1;1;1;0;1;1;0;0;1;0;1;0;0;0;1;0;0;0;0;1;1;0;0;1;0;0;1;1;0;0;0;0
1;1;0;1;1;1;0;0;1;1;1;0;1;1;0;0;1;0;0;0;0;1;1;0;1;0;0;0;1;0;0;0;1;0;1;0;0;0;0;1
1;1;0;1;1;0;1;1;1;1;1;0;1;1;0;0;1;0;0;0;0;1;1;0;1;0;0;0;1;0;0;1;0;0;1;0;0;0;0;1
1;1;0;1;1;1;0;0;1;1;0;1;1;1;0;0;1;0;0;0;1;0;1;0;0;0;1;0;1;1;0;0;0;0;1;0;0;0;0;1
1;1;0;1;1;0;1;1;1;1;0;1;1;1;0;1;1;0;1;0;0;0;1;0;0;0;1;0;1;0;1;0;0;0;1;1;0;0;0;0
1;1;0;1;1;0;1;1;1;1;1;0;1;1;0;0;1;0;1;0;0;0;1;0;1;0;0;0;1;0;0;1;0;0;1;0;1;0;0;0
1;1;0;1;0;0;0;1;1;1;0;1;1;0;1;0;1;0;0;1;0;0;1;0;1;0;0;0;1;0;0;1;0;0;1;0;0;0;0;1
1;1;1;0;0;0;0;0;1;1;1;0;1;0;1;0;1;0;0;1;0;0;1;0;0;0;1;0;1;0;0;0;0;1;1;0;0;0;1;0
1;1;1;0;1;0;1;1;1;1;0;1;1;1;0;1;1;1;0;0;0;0;1;0;0;0;0;1;1;0;0;0;1;0;1;0;0;0;0;1
1;1;1;0;1;1;0;0;1;1;0;1;1;1;0;1;1;0;0;0;1;0;1;1;0;0;0;0;1;0;1;0;0;0;1;0;1;0;0;0
1;1;1;0;1;1;0;1;1;1;0;1;1;0;1;0;1;0;1;0;0;0;1;0;1;0;0;0;1;0;0;0;1;0;1;0;1;0;0;0
1;1;0;1;1;0;1;1;1;1;1;0;1;0;1;0;1;0;0;0;0;1;1;0;0;0;1;0;1;0;0;1;0;0;1;0;0;0;0;1
1;1;1;0;0;0;0;1;1;1;1;0;1;1;0;1;1;0;0;0;0;1;1;0;0;0;1;0;1;0;1;0;0;0;1;0;0;0;1;0
1;1;1;0;1;0;1;0;1;1;1;0;1;0;1;1;1;0;1;0;0;0;1;0;0;0;1;0;1;0;0;1;0;0;1;0;1;0;0;0
1;1;0;1;0;0;0;1;1;1;0;1;1;1;0;1;1;0;1;0;0;0;1;1;0;0;0;0;1;0;0;0;0;1;1;0;0;0;0;1
1;1;0;1;0;0;0;1;1;1;0;1;1;1;0;1;1;0;0;1;0;0;1;0;0;0;0;1;1;0;0;0;0;1;1;0;1;0;0;0
1;1;1;0;1;0;1;0;1;1;0;1;1;0;1;0;1;1;0;0;0;0;1;0;0;0;1;0;1;0;0;1;0;0;1;0;0;0;1;0
1;1;1;0;1;1;0;1;1;1;1;0;1;0;1;1;1;0;0;1;0;0;1;0;0;0;1;0;1;0;0;0;0;1;1;0;0;0;1;0
1;1;0;1;1;0;1;0;1;1;1;0;1;1;0;1;1;1;0;0;0;0;1;0;0;1;0;0;1;0;0;0;1;0;1;0;1;0;0;0
1;1;0;1;1;1;0;0;1;1;0;1;1;1;0;0;1;0;0;0;0;1;1;0;0;0;1;0;1;0;1;0;0;0;1;0;0;1;0;0
1;1;0;1;1;1;0;1;1;1;1;0;1;1;0;1;1;0;0;1;0;0;1;0;0;0;0;1;1;0;0;1;0;0;1;0;0;0;1;0
1;1;1;0;1;1;0;1;1;1;0;1;1;0;1;0;1;0;0;0;1;0;1;1;0;0;0;0;1;0;0;1;0;0;1;0;0;0;1;0
1;1;0;1;1;1;0;1;1;1;1;0;1;0;1;0;1;0;1;0;0;0;1;0;0;0;0;1;1;1;0;0;0;0;1;0;0;0;1;0
1;1;0;1;1;0;1;0;1;1;1;0;1;0;1;0;1;0;0;0;0;1;1;0;0;0;0;1;1;1;0;0;0;0;1;0;0;1;0;0
1;1;1;0;0;0;0;1;1;1;0;1;1;0;1;1;1;0;0;1;0;0;1;0;1;0;0;0;1;0;0;1;0;0;1;0;0;0;1;0
1;1;1;0;1;0;1;0;1;1;1;0;1;1;0;0;1;0;1;0;0;0;1;1;0;0;0;0;1;0;1;0;0;0;1;0;0;1;0;0
1;1;1;0;0;0;0;0;1;1;1;0;1;0;1;1;1;0;1;0;0;0;1;0;0;0;1;0;1;0;1;0;0;0;1;0;0;0;1;0
1;1;1;0;0;0;0;0;1;1;1;0;1;0;1;1;1;0;0;1;0;0;1;0;0;0;1;0;1;0;0;1;0;0;1;0;0;1;0;0
1;1;1;0;1;1;0;1;1;1;1;0;1;0;1;1;1;0;1;0;0;0;1;0;0;0;0;1;1;1;0;0;0;0;1;0;1;0;0;0
1;1;1;0;1;0;1;0;1;1;1;0;1;0;1;0;1;0;0;0;1;0;1;0;1;0;0;0;1;1;0;0;0;0;1;0;0;1;0;0
1;1;0;1;1;0;1;1;1;1;0;1;1;0;1;1;1;0;1;0;0;0;1;0;0;0;0;1;1;0;1;0;0;0;1;0;0;1;0;0
1;1;1;0;1;1;0;0;1;1;0;1;1;1;0;0;1;0;0;1;0;0;1;1;0;0;0;0;1;0;0;0;0;1;1;0;0;0;1;0
1;1;0;1;0;0;0;0;1;1;1;0;1;0;1;0;1;0;0;0;1;0;1;0;0;1;0;0;1;0;0;0;1;0;1;1;0;0;0;0
1;1;1;0;1;0;1;1;1;1;0;1;1;1;0;0;1;1;0;0;0;0;1;0;0;1;0;0;1;0;0;0;1;0;1;0;0;0;1;0
1;1;0;1;1;0;1;0;1;1;0;1;1;1;0;0;1;0;0;0;0;1;1;0;0;1;0;0;1;0;0;0;1;0;1;0;1;0;0;0
1;1;0;1;1;1;0;1;1;1;0;1;1;1;0;1;1;0;0;1;0;0;1;0;0;0;0;1;1;0;1;0;0;0;1;1;0;0;0;0
1;1;0;1;1;0;1;0;1;1;1;0;1;0;1;1;1;0;0;0;1;0;1;0;0;0;1;0;1;0;0;0;0;1;1;0;1;0;0;0
1;1;0;1;1;1;0;0;1;1;1;0;1;1;0;0;1;0;0;0;1;0;1;0;0;0;0;1;1;0;1;0;0;0;1;0;0;1;0;0
1;1;1;0;1;0;1;1;1;1;1;0;1;1;0;0;1;0;0;0;0;1;1;0;0;1;0;0;1;0;0;1;0;0;1;0;1;0;0;0
1;1;1;0;1;1;0;0;1;1;1;0;1;1;0;0;1;0;1;0;0;0;1;0;0;0;0;1;1;1;0;0;0;0;1;0;0;0;0;1
1;1;0;1;0;0;0;1;1;1;0;1;1;0;1;1;1;0;0;1;0;0;1;1;0;0;0;0;1;0;0;1;0;0;1;0;0;0;1;0
1;1;1;0;1;1;0;0;1;1;1;0;1;0;1;0;1;0;0;1;0;0;1;0;1;0;0;0;1;0;0;1;0;0;1;0;0;1;0;0
1;1;0;1;1;0;1;1;1;1;1;0;1;0;1;0;1;0;0;1;0;0;1;0;0;0;1;0;1;0;1;0;0;0;1;0;0;0;1;0
1;1;1;0;0;0;0;0;1;1;0;1;1;0;1;0;1;1;0;0;0;0;1;0;0;1;0;0;1;0;0;1;0;0;1;0;0;1;0;0
1;1;0;1;1;0;1;1;1;1;1;0;1;0;1;1;1;1;0;0;0;0;1;1;0;0;0;0;1;0;0;1;0;0;1;1;0;0;0;0
1;1;1;0;1;0;1;1;1;1;0;1;1;1;0;0;1;1;0;0;0;0;1;0;0;0;0;1;1;0;0;0;1;0;1;0;0;0;1;0
1;1;1;0;1;0;1;0;1;1;1;0;1;0;1;1;1;0;0;1;0;0;1;0;0;0;1;0;1;0;0;0;1;0;1;0;0;1;0;0
1;1;0;1;0;0;0;0;1;1;0;1;1;0;1;1;1;0;0;1;0;0;1;0;0;0;0;1;1;1;0;0;0;0;1;0;0;1;0;0
1;1;0;1;0;0;0;1;1;1;0;1;1;1;0;1;1;0;0;0;0;1;1;0;1;0;0;0;1;0;0;1;0;0;1;0;1;0;0;0
1;1;0;1;1;0;1;0;1;1;1;0;1;0;1;0;1;0;0;0;1;0;1;0;0;0;0;1;1;0;0;0;1;0;1;0;1;0;0;0
1;1;0;1;1;1;0;0;1;1;1;0;1;0;1;0;1;0;0;0;1;0;1;0;0;0;0;1;1;0;1;0;0;0;1;0;0;0;1;0
1;1;0;1;0;0;0;0;1;1;1;0;1;0;1;0;1;0;1;0;0;0;1;0;0;0;1;0;1;0;1;0;0;0;1;0;1;0;0;0
1;1;1;0;0;0;0;1;1;1;0;1;1;1;0;1;1;0;0;1;0;0;1;0;0;1;0;0;1;0;0;0;1;0;1;0;0;0;1;0
1;1;0;1;0;0;0;0;1;1;0;1;1;1;0;1;1;0;1;0;0;0;1;0;0;1;0;0;1;0;0;0;1;0;1;0;1;0;0;0
1;1;1;0;1;0;1;0;1;1;1;0;1;1;0;0;1;1;0;0;0;0;1;0;0;1;0;0;1;1;0;0;0;0;1;1;0;0;0;0
1;1;0;1;1;0;1;1;1;1;0;1;1;1;0;0;1;0;1;0;0;0;1;1;0;0;0;0;1;0;0;0;1;0;1;0;0;1;0;0
1;1;1;0;1;1;0;1;1;1;0;1;1;0;1;1;1;0;0;0;1;0;1;0;0;1;0;0;1;1;0;0;0;0;1;0;0;1;0;0
1;1;0;1;1;0;1;0;1;1;0;1;1;1;0;1;1;1;0;0;0;0;1;0;0;0;1;0;1;0;0;1;0;0;1;0;1;0;0;0
1;1;0;1;1;1;0;1;1;1;1;0;1;0;1;1;1;0;0;1;0;0;1;0;0;0;1;0;1;0;0;0;1;0;1;0;0;0;0;1
1;1;0;1;1;0;1;0;1;1;1;0;1;1;0;1;1;0;0;1;0;0;1;0;0;0;1;0;1;0;0;1;0;0;1;0;0;1;0;0
1;1;0;1;1;1;0;0;1;1;0;1;1;1;0;1;1;0;0;1;0;0;1;0;0;0;1;0;1;1;0;0;0;0;1;0;0;1;0;0
1;1;1;0;1;1;0;1;1;1;1;0;1;0;1;1;1;0;0;0;0;1;1;0;0;0;0;1;1;1;0;0;0;0;1;0;0;0;1;0
1;1;0;1;1;1;0;1;1;1;0;1;1;1;0;0;1;0;0;0;1;0;1;0;0;0;0;1;1;0;0;1;0;0;1;0;0;0;1;0
1;1;0;1;0;0;0;1;1;1;1;0;1;1;0;0;1;0;0;0;1;0;1;0;0;0;1;0;1;1;0;0;0;0;1;1;0;0;0;0
1;1;0;1;0;0;0;1;1;1;1;0;1;0;1;1;1;0;0;0;0;1;1;0;1;0;0;0;1;0;1;0;0;0;1;0;0;0;0;1
1;1;0;1;1;0;1;1;1;1;0;1;1;0;1;0;1;0;1;0;0;0;1;0;0;1;0;0;1;1;0;0;0;0;1;0;0;0;0;1
1;1;1;0;1;0;1;1;1;1;1;0;1;1;0;1;1;0;0;0;0;1;1;0;0;1;0;0;1;1;0;0;0;0;1;1;0;0;0;0
1;1;1;0;0;0;0;1;1;1;0;1;1;0;1;0;1;0;1;0;0;0;1;1;0;0;0;0;1;0;1;0;0;0;1;0;0;0;1;0
1;1;0;1;0;0;0;0;1;1;0;1;1;0;1;1;1;0;0;1;0;0;1;0;0;0;0;1;1;0;1;0;0;0;1;1;0;0;0;0
1;1;1;0;0;0;0;0;1;1;1;0;1;0;1;0;1;0;1;0;0;0;1;0;0;0;1;0;1;0;0;0;0;1;1;0;0;0;1;0
1;1;1;0;0;0;0;0;1;1;1;0;1;1;0;1;1;0;0;1;0;0;1;1;0;0;0;0;1;0;0;0;1;0;1;1;0;0;0;0
1;1;0;1;1;1;0;1;1;1;1;0;1;0;1;1;1;0;0;1;0;0;1;1;0;0;0;0;1;0;0;0;0;1;1;0;0;0;1;0
1;1;1;0;1;1;0;1;1;1;0;1;1;1;0;1;1;0;0;0;0;1;1;0;0;1;0;0;1;1;0;0;0;0;1;0;0;1;0;0
1;1;0;1;1;0;1;0;1;1;0;1;1;1;0;1;1;0;0;0;1;0;1;0;0;1;0;0;1;1;0;0;0;0;1;0;0;0;1;0
1;1;0;1;1;1;0;0;1;1;0;1;1;1;0;1;1;0;1;0;0;0;1;1;0;0;0;0;1;0;0;0;1;0;1;0;0;0;0;1
1;1;0;1;0;0;0;0;1;1;0;1;1;0;1;1;1;0;0;1;0;0;1;0;1;0;0;0;1;0;0;1;0;0;1;0;1;0;0;0
1;1;0;1;1;1;0;0;1;1;1;0;1;1;0;1;1;0;0;0;1;0;1;1;0;0;0;0;1;0;1;0;0;0;1;1;0;0;0;0
1;1;0;1;0;0;0;1;1;1;1;0;1;0;1;1;1;0;0;0;1;0;1;1;0;0;0;0;1;0;1;0;0;0;1;1;0;0;0;0
1;1;1;0;1;1;0;1;1;1;1;0;1;0;1;1;1;0;1;0;0;0;1;0;0;0;0;1;1;0;0;1;0;0;1;1;0;0;0;0
1;1;0;1;1;0;1;1;1;1;0;1;1;0;1;0;1;0;1;0;0;0;1;0;0;0;0;1;1;0;0;1;0;0;1;0;0;0;0;1
1;1;0;1;0;0;0;0;1;1;1;0;1;1;0;1;1;0;0;0;1;0;1;1;0;0;0;0;1;0;0;0;0;1;1;0;0;0;1;0
1;1;0;1;1;1;0;0;1;1;0;1;1;0;1;1;1;0;1;0;0;0;1;0;0;1;0;0;1;0;0;1;0;0;1;0;0;1;0;0
1;1;0;1;1;1;0;0;1;1;1;0;1;1;0;0;1;0;0;0;0;1;1;0;1;0;0;0;1;0;0;1;0;0;1;1;0;0;0;0
1;1;1;0;0;0;0;0;1;1;0;1;1;1;0;1;1;0;0;1;0;0;1;1;0;0;0;0;1;0;0;0;1;0;1;0;0;0;0;1
1;1;0;1;0;0;0;0;1;1;1;0;1;1;0;1;1;0;0;1;0;0;1;0;0;0;0;1;1;1;0;0;0;0;1;0;0;1;0;0
1;1;0;1;1;1;0;1;1;1;1;0;1;1;0;1;1;0;0;0;0;1;1;0;0;0;0;1;1;0;0;0;1;0;1;1;0;0;0;0
1;1;1;0;1;1;0;1;1;1;1;0;1;0;1;1;1;1;0;0;0;0;1;0;1;0;0;0;1;0;0;1;0;0;1;0;0;0;1;0
1;1;0;1;1;1;0;1;1;1;1;0;1;1;0;0;1;0;1;0;0;0;1;0;0;1;0;0;1;0;1;0;0;0;1;0;0;0;1;0
1;1;1;0;0;0;0;0;1;1;1;0;1;0;1;0;1;0;0;0;0;1;1;0;1;0;0;0;1;1;0;0;0;0;1;0;1;0;0;0
1;1;1;0;1;1;0;0;1;1;0;1;1;0;1;0;1;0;0;0;1;0;1;1;0;0;0;0;1;0;0;0;1;0;1;0;0;0;1;0
1;1;0;1;0;0;0;1;1;1;0;1;1;0;1;1;1;0;0;0;1;0;1;1;0;0;0;0;1;0;1;0;0;0;1;0;0;0;1;0
1;1;1;0;1;1;0;0;1;1;1;0;1;0;1;0;1;0;0;0;0;1;1;0;0;0;0;1;1;0;1;0;0;0;1;1;0;0;0;0
1;1;0;1;0;0;0;0;1;1;0;1;1;0;1;0;1;0;1;0;0;0;1;0;0;1;0;0;1;0;0;0;1;0;1;0;0;1;0;0
1;1;1;0;1;1;0;1;1;1;1;0;1;1;0;1;1;0;0;0;1;0;1;1;0;0;0;0;1;0;0;0;0;1;1;1;0;0;0;0
1;1;1;0;1;1;0;1;1;1;0;1;1;1;0;1;1;1;0;0;0;0;1;0;0;0;0;1;1;1;0;0;0;0;1;1;0;0;0;0
1;1;1;0;1;1;0;0;1;1;0;1;1;0;1;0;1;0;1;0;0;0;1;0;0;1;0;0;1;0;0;0;0;1;1;0;0;0;0;1
1;1;1;0;0;0;0;0;1;1;0;1;1;1;0;0;1;1;0;0;0;0;1;0;0;0;0;1;1;0;0;0;1;0;1;0;0;1;0;0
1;1;1;0;0;0;0;1;1;1;0;1;1;1;0;0;1;1;0;0;0;0;1;0;1;0;0;0;1;0;1;0;0;0;1;0;0;0;0;1
1;1;1;0;1;1;0;0;1;1;1;0;1;1;0;1;1;0;1;0;0;0;1;1;0;0;0;0;1;0;0;0;0;1;1;1;0;0;0;0
1;1;0;1;0;0;0;1;1;1;1;0;1;0;1;0;1;0;0;0;0;1;1;0;0;0;0;1;1;0;1;0;0;0;1;0;0;0;1;0
1;1;1;0;0;0;0;1;1;1;0;1;1;0;1;1;1;0;0;1;0;0;1;0;0;0;0;1;1;1;0;0;0;0;1;0;0;0;0;1
1;1;0;1;1;1;0;1;1;1;1;0;1;1;0;1;1;0;0;0;1;0;1;1;0;0;0;0;1;0;0;0;0;1;1;0;0;0;0;1
1;1;0;1;0;0;0;1;1;1;1;0;1;0;1;1;1;0;0;0;1;0;1;1;0;0;0;0;1;0;0;0;0;1;1;0;0;1;0;0
1;1;0;1;0;0;0;1;1;1;0;1;1;0;1;0;1;0;0;1;0;0;1;0;0;0;1;0;1;1;0;0;0;0;1;1;0;0;0;0
1;1;1;0;1;1;0;1;1;1;1;0;1;0;1;1;1;0;0;0;0;1;1;0;0;1;0;0;1;0;1;0;0;0;1;0;0;0;0;1
1;1;0;1;1;0;1;1;1;1;1;0;1;1;0;0;1;0;0;0;0;1;1;0;1;0;0;0;1;0;0;0;1;0;1;0;0;0;0;1
1;1;1;0;0;0;0;1;1;1;1;0;1;1;0;0;1;0;0;0;1;0;1;0;1;0;0;0;1;0;1;0;0;0;1;0;0;1;0;0
1;1;1;0;1;1;0;0;1;1;1;0;1;1;0;0;1;0;0;0;0;1;1;0;0;0;1;0;1;0;1;0;0;0;1;0;0;0;0;1
1;1;0;1;1;1;0;1;1;1;1;0;1;1;0;0;1;0;0;1;0;0;1;0;0;1;0;0;1;0;0;0;1;0;1;1;0;0;0;0
1;1;1;0;1;1;0;0;1;1;0;1;1;0;1;0;1;0;0;1;0;0;1;0;0;1;0;0;1;0;0;0;0;1;1;0;0;1;0;0
1;1;0;1;1;0;1;0;1;1;0;1;1;0;1;1;1;0;0;0;0;1;1;1;0;0;0;0;1;1;0;0;0;0;1;0;0;0;1;0
1;1;0;1;0;0;0;1;1;1;1;0;1;0;1;1;1;0;0;1;0;0;1;0;0;0;1;0;1;1;0;0;0;0;1;0;0;0;0;1
1;1;0;1;0;0;0;1;1;1;1;0;1;1;0;1;1;0;0;0;1;0;1;0;0;1;0;0;1;0;0;0;1;0;1;0;1;0;0;0
1;1;1;0;1;1;0;0;1;1;0;1;1;1;0;1;1;0;1;0;0;0;1;0;0;1;0;0;1;0;0;0;0;1;1;1;0;0;0;0
1;1;1;0;1;1;0;0;1;1;0;1;1;0;1;1;1;0;0;0;1;0;1;0;0;0;1;0;1;0;0;0;1;0;1;0;0;1;0;0
1;1;0;1;1;1;0;0;1;1;1;0;1;1;0;1;1;0;0;0;1;0;1;0;1;0;0;0;1;0;0;1;0;0;1;0;0;0;1;0
1;1;0;1;1;0;1;0;1;1;0;1;1;1;0;0;1;0;1;0;0;0;1;0;0;1;0;0;1;0;0;0;0;1;1;0;0;0;1;0
1;1;0;1;0;0;0;0;1;1;0;1;1;1;0;1;1;0;0;1;0;0;1;1;0;0;0;0;1;0;1;0;0;0;1;0;0;0;1;0
1;1;1;0;1;1;0;0;1;1;0;1;1;1;0;0;1;0;0;0;0;1;1;0;0;0;0;1;1;0;1;0;0;0;1;0;0;0;0;1
1;1;0;1;1;0;1;1;1;1;1;0;1;0;1;1;1;0;1;0;0;0;1;0;0;0;1;0;1;0;1;0;0;0;1;0;1;0;0;0
1;1;1;0;1;1;0;0;1;1;1;0;1;0;1;0;1;1;0;0;0;0;1;0;0;0;0;1;1;0;1;0;0;0;1;0;1;0;0;0
1;1;0;1;0;0;0;1;1;1;1;0;1;1;0;0;1;0;0;1;0;0;1;1;0;0;0;0;1;0;0;1;0;0;1;0;0;0;0;1
1;1;0;1;1;0;1;0;1;1;0;1;1;1;0;0;1;0;0;0;1;0;1;0;0;0;0;1;1;0;1;0;0;0;1;0;1;0;0;0
1;1;1;0;1;0;1;0;1;1;0;1;1;1;0;0;1;0;1;0;0;0;1;1;0;0;0;0;1;0;0;1;0;0;1;0;0;1;0;0
1;1;0;1;1;0;1;1;1;1;0;1;1;1;0;0;1;0;0;1;0;0;1;0;0;0;1;0;1;0;0;1;0;0;1;0;1;0;0;0
1;1;1;0;0;0;0;1;1;1;1;0;1;1;0;0;1;0;0;1;0;0;1;1;0;0;0;0;1;0;0;1;0;0;1;0;0;0;1;0
1;1;0;1;0;0;0;1;1;1;1;0;1;0;1;1;1;0;0;0;0;1;1;0;0;1;0;0;1;0;0;0;0;1;1;0;1;0;0;0
1;1;1;0;1;0;1;1;1;1;0;1;1;0;1;1;1;1;0;0;0;0;1;0;0;1;0;0;1;0;0;0;1;0;1;0;0;1;0;0
1;1;1;0;1;0;1;0;1;1;0;1;1;1;0;1;1;0;0;0;0;1;1;0;0;1;0;0;1;0;1;0;0;0;1;1;0;0;0;0
1;1;0;1;0;0;0;0;1;1;0;1;1;0;1;0;1;0;0;1;0;0;1;0;0;0;0;1;1;0;0;1;0;0;1;1;0;0;0;0
1;1;1;0;1;0;1;1;1;1;0;1;1;0;1;0;1;0;0;1;0;0;1;0;1;0;0;0;1;0;0;0;1;0;1;0;0;0;0;1
1;1;0;1;1;1;0;1;1;1;1;0;1;1;0;0;1;0;0;0;0;1;1;0;1;0;0;0;1;0;1;0;0;0;1;0;1;0;0;0
1;1;1;0;1;1;0;1;1;1;1;0;1;1;0;1;1;0;0;1;0;0;1;0;0;0;1;0;1;0;1;0;0;0;1;0;0;0;0;1
1;1;0;1;1;1;0;0;1;1;1;0;1;0;1;0;1;0;0;1;0;0;1;0;1;0;0;0;1;1;0;0;0;0;1;1;0;0;0;0
1;1;0;1;1;1;0;0;1;1;0;1;1;0;1;0;1;1;0;0;0;0;1;0;1;0;0;0;1;1;0;0;0;0;1;0;1;0;0;0
1;1;0;1;1;0;1;0;1;1;1;0;1;1;0;1;1;0;0;0;1;0;1;0;0;0;1;0;1;0;1;0;0;0;1;0;1;0;0;0
1;1;1;0;1;1;0;0;1;1;1;0;1;0;1;0;1;0;0;0;1;0;1;0;0;0;1;0;1;0;0;0;0;1;1;1;0;0;0;0
1;1;0;1;1;1;0;0;1;1;0;1;1;0;1;1;1;0;0;0;0;1;1;0;1;0;0;0;1;0;0;1;0;0;1;0;1;0;0;0
1;1;0;1;1;0;1;0;1;1;1;0;1;1;0;0;1;0;0;1;0;0;1;0;0;0;0;1;1;0;1;0;0;0;1;0;0;1;0;0
1;1;1;0;0;0;0;1;1;1;0;1;1;0;1;1;1;1;0;0;0;0;1;0;1;0;0;0;1;0;0;0;1;0;1;0;1;0;0;0
1;1;1;0;0;0;0;1;1;1;1;0;1;0;1;1;1;0;0;1;0;0;1;0;0;0;1;0;1;1;0;0;0;0;1;0;0;0;1;0
1;1;0;1;0;0;0;1;1;1;1;0;1;1;0;0;1;0;0;0;0;1;1;0;0;0;0;1;1;0;0;0;1;0;1;0;0;1;0;0
1;1;1;0;1;0;1;1;1;1;0;1;1;0;1;1;1;0;0;0;0;1;1;0;0;0;1;0;1;0;0;1;0;0;1;1;0;0;0;0
1;1;1;0;1;1;0;0;1;1;0;1;1;0;1;0;1;0;0;1;0;0;1;0;0;0;1;0;1;0;1;0;0;0;1;0;0;0;1;0
1;1;0;1;0;0;0;1;1;1;0;1;1;0;1;0;1;0;1;0;0;0;1;0;0;0;0;1;1;0;0;0;0;1;1;0;0;0;1;0
1;1;1;0;1;1;0;1;1;1;0;1;1;1;0;0;1;0;0;0;1;0;1;1;0;0;0;0;1;0;0;0;0;1;1;0;0;0;1;0
1;1;0;1;0;0;0;1;1;1;0;1;1;1;0;0;1;0;0;1;0;0;1;0;1;0;0;0;1;0;0;0;1;0;1;0;0;0;1;0
1;1;1;0;1;1;0;1;1;1;0;1;1;0;1;0;1;0;0;0;0;1;1;1;0;0;0;0;1;0;0;0;1;0;1;0;1;0;0;0
1;1;1;0;1;0;1;1;1;1;1;0;1;0;1;1;1;0;0;1;0;0;1;0;0;0;0;1;1;0;1;0;0;0;1;0;0;1;0;0
1;1;1;0;1;1;0;0;1;1;1;0;1;1;0;0;1;0;1;0;0;0;1;0;0;1;0;0;1;1;0;0;0;0;1;0;0;0;1;0
1;1;0;1;1;0;1;1;1;1;0;1;1;1;0;1;1;1;0;0;0;0;1;0;1;0;0;0;1;1;0;0;0;0;1;0;0;0;1;0
1;1;1;0;1;0;1;0;1;1;0;1;1;0;1;1;1;0;1;0;0;0;1;1;0;0;0;0;1;1;0;0;0;0;1;0;0;0;0;1
1;1;0;1;1;1;0;1;1;1;1;0;1;1;0;0;1;0;1;0;0;0;1;0;0;0;0;1;1;1;0;0;0;0;1;0;0;0;0;1
1;1;0;1;1;0;1;1;1;1;1;0;1;0;1;0;1;0;1;0;0;0;1;0;0;0;1;0;1;1;0;0;0;0;1;0;0;0;0;1
1;1;0;1;0;0;0;1;1;1;0;1;1;1;0;0;1;0;0;0;0;1;1;0;1;0;0;0;1;1;0;0;0;0;1;0;0;1;0;0
1;1;1;0;0;0;0;0;1;1;1;0;1;0;1;0;1;1;0;0;0;0;1;0;0;0;0;1;1;0;0;0;0;1;1;0;1;0;0;0
1;1;1;0;0;0;0;0;1;1;1;0;1;0;1;0;1;0;0;1;0;0;1;1;0;0;0;0;1;1;0;0;0;0;1;0;0;0;1;0
1;1;0;1;1;1;0;1;1;1;1;0;1;0;1;0;1;0;0;0;0;1;1;0;0;0;1;0;1;0;1;0;0;0;1;1;0;0;0;0
1;1;1;0;0;0;0;0;1;1;0;1;1;0;1;0;1;0;1;0;0;0;1;0;0;0;0;1;1;0;0;0;0;1;1;0;1;0;0;0
1;1;0;1;1;0;1;0;1;1;1;0;1;1;0;1;1;0;0;0;1;0;1;0;0;0;0;1;1;1;0;0;0;0;1;0;0;0;0;1
1;1;0;1;1;0;1;0;1;1;1;0;1;0;1;1;1;1;0;0;0;0;1;0;0;1;0;0;1;0;0;0;0;1;1;0;0;0;1;0
1;1;1;0;1;0;1;0;1;1;0;1;1;0;1;1;1;0;0;1;0;0;1;0;0;0;1;0;1;0;0;0;0;1;1;0;0;0;1;0
1;1;0;1;0;0;0;1;1;1;1;0;1;0;1;0;1;0;0;0;0;1;1;0;0;1;0;0;1;0;1;0;0;0;1;0;0;1;0;0
1;1;0;1;1;0;1;0;1;1;1;0;1;1;0;0;1;0;0;0;1;0;1;0;1;0;0;0;1;0;0;0;0;1;1;0;0;1;0;0
1;1;1;0;1;1;0;0;1;1;0;1;1;0;1;1;1;0;0;0;0;1;1;1;0;0;0;0;1;0;0;1;0;0;1;0;0;0;0;1
1;1;0;1;1;0;1;1;1;1;1;0;1;0;1;0;1;0;0;0;1;0;1;0;0;1;0;0;1;0;0;1;0;0;1;0;0;1;0;0
1;1;0;1;0;0;0;0;1;1;1;0;1;1;0;1;1;0;0;0;1;0;1;0;0;0;0;1;1;0;1;0;0;0;1;0;0;0;1;0
1;1;0;1;1;1;0;0;1;1;1;0;1;1;0;1;1;0;1;0;0;0;1;0;0;1;0;0;1;0;0;1;0;0;1;1;0;0;0;0
1;1;0;1;0;0;0;0;1;1;1;0;1;0;1;1;1;1;0;0;0;0;1;1;0;0;0;0;1;0;1;0;0;0;1;1;0;0;0;0
1;1;0;1;1;1;0;1;1;1;0;1;1;1;0;1;1;0;0;1;0;0;1;0;0;1;0;0;1;0;1;0;0;0;1;0;1;0;0;0
1;1;1;0;1;1;0;0;1;1;0;1;1;0;1;1;1;1;0;0;0;0;1;0;0;0;1;0;1;0;0;0;0;1;1;0;0;1;0;0
1;1;0;1;0;0;0;1;1;1;1;0;1;0;1;1;1;0;0;1;0;0;1;0;0;0;1;0;1;1;0;0;0;0;1;1;0;0;0;0
1;1;0;1;0;0;0;1;1;1;0;1;1;0;1;1;1;0;0;0;0;1;1;0;0;1;0;0;1;0;0;0;0;1;1;0;0;1;0;0
1;1;0;1;0;0;0;0;1;1;1;0;1;1;0;1;1;1;0;0;0;0;1;0;0;0;0;1;1;0;0;0;0;1;1;0;0;0;0;1
1;1;0;1;1;1;0;1;1;1;0;1;1;1;0;1;1;1;0;0;0;0;1;0;0;0;1;0;1;0;0;1;0;0;1;0;0;1;0;0
1;1;1;0;0;0;0;1;1;1;0;1;1;0;1;1;1;0;0;0;1;0;1;0;1;0;0;0;1;0;0;0;1;0;1;0;0;0;1;0
1;1;0;1;1;1;0;0;1;1;0;1;1;1;0;1;1;1;0;0;0;0;1;0;0;0;0;1;1;0;0;0;1;0;1;1;0;0;0;0
1;1;0;1;0;0;0;1;1;1;1;0;1;0;1;0;1;0;1;0;0;0;1;0;0;0;0;1;1;0;0;0;1;0;1;0;1;0;0;0
1;1;0;1;1;0;1;1;1;1;0;1;1;0;1;0;1;0;1;0;0;0;1;0;0;0;0;1;1;0;0;0;1;0;1;1;0;0;0;0
1;1;1;0;0;0;0;1;1;1;0;1;1;0;1;0;1;0;0;0;0;1;1;0;0;1;0;0;1;1;0;0;0;0;1;0;0;0;0;1
1;1;0;1;1;0;1;1;1;1;0;1;1;1;0;1;1;1;0;0;0;0;1;1;0;0;0;0;1;0;1;0;0;0;1;0;0;0;0;1
1;1;1;0;0;0;0;1;1;1;0;1;1;1;0;1;1;0;1;0;0;0;1;1;0;0;0;0;1;0;0;0;1;0;1;0;0;0;1;0
1;1;1;0;1;1;0;1;1;1;1;0;1;1;0;0;1;0;0;1;0;0;1;0;1;0;0;0;1;0;0;1;0;0;1;0;0;0;1;0
1;1;1;0;1;1;0;0;1;1;1;0;1;0;1;1;1;1;0;0;0;0;1;0;1;0;0;0;1;0;0;0;0;1;1;1;0;0;0;0
1;1;1;0;0;0;0;1;1;1;0;1;1;1;0;0;1;0;1;0;0;0;1;0;0;1;0;0;1;0;0;1;0;0;1;0;1;0;0;0
1;1;1;0;1;1;0;1;1;1;1;0;1;1;0;1;1;0;1;0;0;0;1;0;0;0;0;1;1;0;0;0;1;0;1;0;0;1;0;0
1;1;0;1;1;1;0;1;1;1;1;0;1;1;0;1;1;0;0;0;0;1;1;1;0;0;0;0;1;0;0;1;0;0;1;1;0;0;0;0
1;1;0;1;0;0;0;0;1;1;0;1;1;1;0;1;1;0;0;0;1;0;1;0;1;0;0;0;1;0;0;1;0;0;1;1;0;0;0;0
1;1;0;1;1;0;1;0;1;1;1;0;1;0;1;0;1;0;1;0;0;0;1;0;0;0;1;0;1;0;0;1;0;0;1;0;0;1;0;0
1;1;1;0;0;0;0;1;1;1;1;0;1;1;0;0;1;0;0;0;1;0;1;0;1;0;0;0;1;0;0;1;0;0;1;0;1;0;0;0
1;1;1;0;1;0;1;0;1;1;0;1;1;0;1;1;1;1;0;0;0;0;1;0;0;0;0;1;1;0;0;0;1;0;1;0;0;1;0;0
1;1;0;1;0;0;0;0;1;1;0;1;1;0;1;1;1;0;0;1;0;0;1;0;1;0;0;0;1;1;0;0;0;0;1;0;0;0;0;1
1;1;0;1;1;1;0;0;1;1;1;0;1;1;0;1;1;0;1;0;0;0;1;0;1;0;0;0;1;0;0;1;0;0;1;0;0;1;0;0
1;1;1;0;1;1;0;1;1;1;0;1;1;0;1;1;1;1;0;0;0;0;1;0;1;0;0;0;1;0;0;1;0;0;1;0;1;0;0;0
1;1;1;0;1;1;0;0;1;1;0;1;1;0;1;1;1;0;0;0;1;0;1;0;0;0;0;1;1;0;0;1;0;0;1;0;0;0;0;1
1;1;0;1;1;1;0;0;1;1;1;0;1;1;0;0;1;1;0;0;0;0;1;0;0;0;0;1;1;0;0;1;0;0;1;0;0;0;1;0
1;1;1;0;0;0;0;1;1;1;0;1;1;0;1;0;1;0;0;1;0;0;1;0;0;0;1;0;1;0;0;0;1;0;1;0;1;0;0;0
1;1;1;0;1;1;0;0;1;1;0;1;1;0;1;1;1;0;0;0;0;1;1;0;0;1;0;0;1;0;1;0;0;0;1;0;1;0;0;0
1;1;0;1;0;0;0;0;1;1;0;1;1;0;1;1;1;0;0;0;0;1;1;0;1;0;0;0;1;0;0;0;0;1;1;0;0;1;0;0
1;1;1;0;1;1;0;1;1;1;1;0;1;1;0;0;1;0;0;0;1;0;1;0;0;0;0;1;1;0;0;0;1;0;1;0;1;0;0;0
1;1;0;1;0;0;0;0;1;1;0;1;1;1;0;0;1;0;0;0;0;1;1;0;0;0;0;1;1;0;0;0;0;1;1;1;0;0;0;0
1;1;1;0;0;0;0;1;1;1;0;1;1;0;1;1;1;0;0;0;1;0;1;1;0;0;0;0;1;1;0;0;0;0;1;0;0;0;1;0
1;1;0;1;1;1;0;1;1;1;0;1;1;1;0;0;1;1;0;0;0;0;1;0;0;0;0;1;1;0;0;0;0;1;1;1;0;0;0;0
1;1;1;0;0;0;0;0;1;1;1;0;1;1;0;0;1;0;0;0;1;0;1;1;0;0;0;0;1;0;0;0;0;1;1;1;0;0;0;0
1;1;1;0;1;0;1;0;1;1;0;1;1;0;1;1;1;0;0;1;0;0;1;0;0;1;0;0;1;0;0;0;0;1;1;0;0;0;1;0
1;1;1;0;1;1;0;1;1;1;0;1;1;1;0;0;1;0;0;0;0;1;1;1;0;0;0;0;1;0;0;0;0;1;1;0;1;0;0;0
1;1;1;0;0;0;0;0;1;1;1;0;1;1;0;1;1;0;0;0;1;0;1;0;0;1;0;0;1;1;0;0;0;0;1;1;0;0;0;0
1;1;1;0;1;1;0;0;1;1;1;0;1;0;1;1;1;0;0;0;0;1;1;0;0;1;0;0;1;0;0;0;0;1;1;0;0;0;1;0
1;1;0;1;1;1;0;0;1;1;1;0;1;0;1;1;1;0;1;0;0;0;1;0;0;0;0;1;1;0;0;0;0;1;1;0;0;1;0;0
1;1;0;1;1;0;1;1;1;1;0;1;1;1;0;1;1;0;1;0;0;0;1;0;1;0;0;0;1;0;1;0;0;0;1;0;0;0;1;0
1;1;1;0;1;1;0;0;1;1;0;1;1;1;0;0;1;0;0;0;0;1;1;1;0;0;0;0;1;1;0;0;0;0;1;1;0;0;0;0
1;1;1;0;0;0;0;1;1;1;1;0;1;0;1;1;1;0;1;0;0;0;1;0;1;0;0;0;1;0;0;1;0;0;1;0;0;0;0;1
1;1;0;1;1;0;1;1;1;1;0;1;1;1;0;0;1;0;0;0;1;0;1;0;0;1;0;0;1;0;0;1;0;0;1;0;1;0;0;0
1;1;0;1;1;1;0;1;1;1;1;0;1;1;0;0;1;0;0;1;0;0;1;1;0;0;0;0;1;0;0;0;0;1;1;0;0;1;0;0
1;1;0;1;1;1;0;1;1;1;0;1;1;0;1;1;1;0;0;0;0;1;1;1;0;0;0;0;1;1;0;0;0;0;1;0;1;0;0;0
1;1;1;0;1;1;0;0;1;1;0;1;1;0;1;0;1;0;0;1;0;0;1;1;0;0;0;0;1;0;0;0;1;0;1;0;0;0;1;0
1;1;1;0;1;0;1;1;1;1;0;1;1;1;0;0;1;0;0;0;0;1;1;0;0;0;1;0;1;0;0;0;0;1;1;0;0;1;0;0
1;1;0;1;1;0;1;0;1;1;0;1;1;1;0;0;1;0;0;0;1;0;1;0;0;1;0;0;1;0;1;0;0;0;1;0;0;0;0;1
1;1;1;0;1;0;1;1;1;1;0;1;1;1;0;1;1;0;0;0;1;0;1;0;0;0;1;0;1;0;0;1;0;0;1;1;0;0;0;0
1;1;1;0;0;0;0;1;1;1;0;1;1;0;1;1;1;0;0;1;0;0;1;0;1;0;0;0;1;0;0;0;1;0;1;0;0;0;0;1
1;1;0;1;1;0;1;1;1;1;0;1;1;1;0;0;1;1;0;0;0;0;1;0;1;0;0;0;1;0;0;0;1;0;1;0;0;0;0;1
1;1;0;1;1;1;0;0;1;1;1;0;1;0;1;0;1;0;0;0;0;1;1;0;0;0;1;0;1;0;1;0;0;0;1;0;1;0;0;0
1;1;1;0;1;0;1;1;1;1;1;0;1;0;1;0;1;0;0;0;0;1;1;0;0;1;0;0;1;1;0;0;0;0;1;0;0;0;0;1
1;1;0;1;1;0;1;1;1;1;1;0;1;0;1;1;1;0;0;1;0;0;1;1;0;0;0;0;1;0;0;1;0;0;1;0;0;0;0;1
1;1;1;0;1;0;1;1;1;1;1;0;1;1;0;1;1;0;1;0;0;0;1;1;0;0;0;0;1;0;1;0;0;0;1;0;0;0;0;1
1;1;1;0;1;1;0;1;1;1;0;1;1;0;1;0;1;0;0;0;0;1;1;0;1;0;0;0;1;0;0;0;1;0;1;0;0;0;1;0
1;1;1;0;1;0;1;0;1;1;0;1;1;0;1;0;1;0;0;0;0;1;1;0;1;0;0;0;1;0;0;0;1;0;1;0;0;0;0;1
1;1;0;1;0;0;0;0;1;1;0;1;1;0;1;0;1;0;0;0;0;1;1;0;0;0;0;1;1;0;1;0;0;0;1;0;0;0;0;1
1;1;0;1;1;0;1;1;1;1;0;1;1;0;1;1;1;0;0;1;0;0;1;0;0;1;0;0;1;1;0;0;0;0;1;1;0;0;0;0
1;1;0;1;1;0;1;1;1;1;1;0;1;1;0;1;1;1;0;0;0;0;1;0;1;0;0;0;1;0;0;0;0;1;1;0;1;0;0;0
1;1;0;1;0;0;0;0;1;1;1;0;1;1;0;0;1;0;0;1;0;0;1;0;0;0;1;0;1;0;1;0;0;0;1;0;1;0;0;0
1;1;0;1;0;0;0;1;1;1;0;1;1;0;1;1;1;0;1;0;0;0;1;0;0;0;0;1;1;0;0;0;1;0;1;0;0;1;0;0
1;1;0;1;1;1;0;1;1;1;1;0;1;1;0;0;1;0;1;0;0;0;1;1;0;0;0;0;1;0;0;1;0;0;1;0;0;0;0;1
1;1;1;0;0;0;0;0;1;1;1;0;1;1;0;1;1;1;0;0;0;0;1;0;0;0;0;1;1;0;0;0;0;1;1;0;0;0;0;1
1;1;1;0;1;0;1;0;1;1;0;1;1;1;0;0;1;0;1;0;0;0;1;0;0;1;0;0;1;0;0;0;1;0;1;0;0;1;0;0
1;1;1;0;1;0;1;0;1;1;0;1;1;1;0;1;1;0;1;0;0;0;1;0;1;0;0;0;1;0;1;0;0;0;1;0;1;0;0;0
1;1;0;1;1;0;1;1;1;1;1;0;1;0;1;1;1;0;0;1;0;0;1;0;0;0;0;1;1;0;0;0;0;1;1;0;1;0;0;0
1;1;0;1;0;0;0;1;1;1;0;1;1;1;0;0;1;0;0;0;1;0;1;0;0;0;0;1;1;0;0;0;0;1;1;1;0;0;0;0
1;1;1;0;0;0;0;1;1;1;0;1;1;0;1;0;1;0;0;0;0;1;1;0;0;0;0;1;1;0;0;0;0;1;1;0;0;1;0;0
1;1;1;0;1;1;0;0;1;1;0;1;1;1;0;1;1;0;0;0;1;0;1;0;0;0;0;1;1;0;0;0;0;1;1;0;1;0;0;0
1;1;1;0;1;0;1;0;1;1;0;1;1;1;0;0;1;1;0;0;0;0;1;0;0;0;0;1;1;1;0;0;0;0;1;1;0;0;0;0
1;1;1;0;0;0;0;0;1;1;1;0;1;1;0;0;1;0;0;0;1;0;1;0;0;0;0;1;1;0;0;0;0;1;1;0;0;0;1;0
1;1;0;1;1;1;0;0;1;1;0;1;1;0;1;1;1;0;0;0;0;1;1;1;0;0;0;0;1;0;0;0;0;1;1;0;0;0;0;1
1;1;0;1;1;1;0;1;1;1;1;0;1;0;1;0;1;0;0;1;0;0;1;0;0;0;1;0;1;0;1;0;0;0;1;0;0;1;0;0
1;1;0;1;1;0;1;0;1;1;1;0;1;1;0;1;1;0;0;1;0;0;1;0;0;0;1;0;1;0;0;1;0;0;1;0;0;0;1;0
1;1;0;1;1;1;0;0;1;1;1;0;1;0;1;0;1;0;1;0;0;0;1;0;0;0;1;0;1;0;0;1;0;0;1;0;0;0;0;1
1;1;1;0;1;1;0;0;1;1;1;0;1;0;1;1;1;0;0;1;0;0;1;1;0;0;0;0;1;0;1;0;0;0;1;1;0;0;0;0
1;1;0;1;1;1;0;1;1;1;0;1;1;0;1;1;1;0;0;1;0;0;1;0;1;0;0;0;1;0;0;0;1;0;1;0;1;0;0;0
1;1;0;1;1;0;1;0;1;1;1;0;1;0;1;1;1;0;1;0;0;0;1;0;0;0;0;1;1;0;0;1;0;0;1;1;0;0;0;0
1;1;1;0;1;1;0;1;1;1;0;1;1;1;0;0;1;0;0;1;0;0;1;0;0;0;1;0;1;1;0;0;0;0;1;0;0;0;0;1
1;1;0;1;1;1;0;0;1;1;1;0;1;1;0;1;1;0;0;0;1;0;1;0;0;1;0;0;1;0;1;0;0;0;1;0;0;0;0;1
1;1;0;1;1;1;0;0;1;1;0;1;1;0;1;1;1;0;0;1;0;0;1;0;0;0;0;1;1;1;0;0;0;0;1;0;0;0;1;0
1;1;0;1;1;1;0;1;1;1;1;0;1;0;1;0;1;0;0;0;0;1;1;0;1;0;0;0;1;0;0;1;0;0;1;1;0;0;0;0
1;1;1;0;0;0;0;0;1;1;1;0;1;0;1;1;1;0;1;0;0;0;1;0;1;0;0;0;1;0;0;1;0;0;1;1;0;0;0;0
1;1;1;0;0;0;0;1;1;1;0;1;1;1;0;0;1;0;0;0;1;0;1;0;0;1;0;0;1;0;0;0;0;1;1;0;1;0;0;0
1;1;1;0;0;0;0;1;1;1;1;0;1;0;1;1;1;0;0;1;0;0;1;0;0;0;0;1;1;0;1;0;0;0;1;0;0;0;0;1
1;1;0;1;1;0;1;0;1;1;0;1;1;1;0;0;1;1;0;0;0;0;1;0;0;0;0;1;1;0;0;0;0;1;1;1;0;0;0;0
1;1;1;0;1;0;1;1;1;1;0;1;1;1;0;1;1;1;0;0;0;0;1;0;0;1;0;0;1;0;0;0;1;0;1;0;1;0;0;0
1;1;1;0;1;1;0;1;1;1;0;1;1;0;1;0;1;1;0;0;0;0;1;0;0;0;0;1;1;0;1;0;0;0;1;1;0;0;0;0
1;1;0;1;0;0;0;1;1;1;1;0;1;1;0;1;1;0;0;0;1;0;1;0;0;1;0;0;1;0;0;0;1;0;1;0;1;0;0;0
1;1;1;0;0;0;0;1;1;1;0;1;1;1;0;0;1;0;0;0;0;1;1;1;0;0;0;0;1;0;0;1;0;0;1;0;0;0;0;1
1;1;0;1;1;0;1;0;1;1;1;0;1;0;1;1;1;0;0;0;0;1;1;0;1;0;0;0;1;1;0;0;0;0;1;0;1;0;0;0
1;1;1;0;1;0;1;0;1;1;1;0;1;1;0;0;1;0;0;1;0;0;1;0;0;0;1;0;1;0;0;0;1;0;1;0;1;0;0;0
1;1;0;1;1;1;0;1;1;1;0;1;1;1;0;0;1;0;0;1;0;0;1;0;1;0;0;0;1;0;0;0;1;0;1;0;0;1;0;0
1;1;0;1;1;1;0;1;1;1;1;0;1;0;1;1;1;1;0;0;0;0;1;0;1;0;0;0;1;1;0;0;0;0;1;0;0;1;0;0
1;1;0;1;1;0;1;1;1;1;0;1;1;0;1;1;1;0;1;0;0;0;1;0;0;0;0;1;1;0;0;1;0;0;1;0;1;0;0;0
1;1;1;0;0;0;0;0;1;1;0;1;1;0;1;1;1;0;0;0;1;0;1;0;0;1;0;0;1;1;0;0;0;0;1;0;0;1;0;0
1;1;0;1;1;0;1;1;1;1;0;1;1;0;1;0;1;0;0;1;0;0;1;0;0;0;1;0;1;0;0;0;0;1;1;0;1;0;0;0
1;1;0;1;0;0;0;1;1;1;0;1;1;1;0;0;1;1;0;0;0;0;1;0;0;1;0;0;1;0;0;0;1;0;1;0;0;1;0;0
1;1;1;0;1;0;1;1;1;1;1;0;1;1;0;1;1;0;1;0;0;0;1;0;0;1;0;0;1;0;0;0;1;0;1;0;0;1;0;0
1;1;1;0;1;0;1;1;1;1;0;1;1;1;0;1;1;0;0;0;1;0;1;0;0;0;1;0;1;0;0;1;0;0;1;0;0;0;0;1
1;1;0;1;1;1;0;1;1;1;0;1;1;1;0;0;1;1;0;0;0;0;1;0;0;1;0;0;1;1;0;0;0;0;1;0;1;0;0;0
1;1;1;0;0;0;0;1;1;1;1;0;1;1;0;0;1;0;1;0;0;0;1;0;0;1;0;0;1;0;0;0;1;0;1;0;0;0;0;1
1;1;1;0;1;1;0;0;1;1;1;0;1;1;0;0;1;0;1;0;0;0;1;0;0;0;0;1;1;1;0;0;0;0;1;0;0;1;0;0
1;1;1;0;1;1;0;0;1;1;1;0;1;1;0;1;1;0;0;0;1;0;1;0;0;1;0;0;1;0;0;0;0;1;1;0;0;0;1;0
1;1;1;0;1;0;1;1;1;1;0;1;1;1;0;0;1;1;0;0;0;0;1;1;0;0;0;0;1;0;0;1;0;0;1;0;1;0;0;0
1;1;0;1;1;1;0;0;1;1;1;0;1;1;0;1;1;0;0;1;0;0;1;0;0;0;1;0;1;1;0;0;0;0;1;0;0;0;1;0
1;1;0;1;0;0;0;0;1;1;0;1;1;1;0;0;1;0;0;1;0;0;1;0;0;0;0;1;1;0;1;0;0;0;1;1;0;0;0;0
1;1;0;1;1;1;0;1;1;1;1;0;1;1;0;1;1;0;1;0;0;0;1;0;0;1;0;0;1;0;0;0;0;1;1;1;0;0;0;0
1;1;0;1;0;0;0;0;1;1;1;0;1;1;0;0;1;0;0;0;1;0;1;1;0;0;0;0;1;0;1;0;0;0;1;0;1;0;0;0
1;1;0;1;1;0;1;0;1;1;0;1;1;0;1;0;1;0;0;0;0;1;1;0;1;0;0;0;1;1;0;0;0;0;1;0;0;1;0;0
1;1;1;0;0;0;0;0;1;1;0;1;1;1;0;1;1;1;0;0;0;0;1;0;0;0;0;1;1;0;1;0;0;0;1;0;0;0;1;0
1;1;0;1;1;0;1;0;1;1;0;1;1;1;0;1;1;0;0;0;1;0;1;0;0;0;0;1;1;0;0;0;1;0;1;1;0;0;0;0
1;1;1;0;0;0;0;1;1;1;1;0;1;1;0;1;1;0;0;0;1;0;1;1;0;0;0;0;1;0;0;1;0;0;1;0;0;0;1;0
1;1;0;1;1;0;1;1;1;1;0;1;1;1;0;1;1;0;1;0;0;0;1;1;0;0;0;0;1;0;0;1;0;0;1;0;1;0;0;0
1;1;0;1;0;0;0;0;1;1;0;1;1;0;1;0;1;0;0;0;1;0;1;0;0;0;0;1;1;1;0;0;0;0;1;0;1;0;0;0
1;1;1;0;1;1;0;1;1;1;0;1;1;1;0;1;1;0;0;0;1;0;1;0;0;0;0;1;1;0;1;0;0;0;1;0;0;0;0;1
1;1;1;0;1;1;0;0;1;1;0;1;1;1;0;0;1;1;0;0;0;0;1;0;0;0;0;1;1;0;0;0;0;1;1;1;0;0;0;0
1;1;0;1;1;1;0;1;1;1;1;0;1;0;1;1;1;0;1;0;0;0;1;1;0;0;0;0;1;1;0;0;0;0;1;0;0;1;0;0
1;1;1;0;1;0;1;1;1;1;0;1;1;0;1;1;1;0;0;1;0;0;1;0;0;1;0;0;1;0;1;0;0;0;1;1;0;0;0;0
1;1;0;1;1;1;0;1;1;1;0;1;1;1;0;0;1;0;0;1;0;0;1;0;1;0;0;0;1;0;0;1;0;0;1;1;0;0;0;0
1;1;1;0;1;1;0;1;1;1;1;0;1;1;0;0;1;0;0;0;1;0;1;0;1;0;0;0;1;1;0;0;0;0;1;0;0;1;0;0
1;1;0;1;0;0;0;0;1;1;0;1;1;1;0;1;1;0;0;0;1;0;1;0;0;0;1;0;1;0;0;0;0;1;1;0;0;0;0;1
1;1;1;0;0;0;0;1;1;1;1;0;1;1;0;1;1;0;0;0;1;0;1;0;0;1;0;0;1;1;0;0;0;0;1;0;0;0;0;1
1;1;0;1;0;0;0;1;1;1;0;1;1;0;1;0;1;0;0;1;0;0;1;1;0;0;0;0;1;0;0;0;0;1;1;0;1;0;0;0
1;1;1;0;0;0;0;0;1;1;0;1;1;0;1;1;1;0;0;0;1;0;1;0;0;0;1;0;1;0;0;1;0;0;1;0;1;0;0;0
1;1;0;1;1;1;0;1;1;1;0;1;1;0;1;1;1;0;0;0;0;1;1;0;0;0;1;0;1;0;1;0;0;0;1;0;0;0;1;0
1;1;1;0;0;0;0;1;1;1;0;1;1;0;1;0;1;0;0;1;0;0;1;0;0;1;0;0;1;0;0;0;1;0;1;0;0;1;0;0
1;1;1;0;1;1;0;0;1;1;1;0;1;0;1;0;1;0;0;1;0;0;1;0;1;0;0;0;1;1;0;0;0;0;1;0;0;1;0;0
1;1;1;0;0;0;0;0;1;1;0;1;1;0;1;0;1;0;0;0;1;0;1;1;0;0;0;0;1;0;1;0;0;0;1;0;0;0;1;0
1;1;1;0;1;0;1;0;1;1;1;0;1;1;0;1;1;0;1;0;0;0;1;0;1;0;0;0;1;0;1;0;0;0;1;0;0;1;0;0
1;1;0;1;1;0;1;0;1;1;0;1;1;1;0;0;1;0;0;0;1;0;1;0;0;0;0;1;1;0;1;0;0;0;1;0;0;0;1;0
1;1;0;1;1;1;0;0;1;1;1;0;1;0;1;0;1;0;1;0;0;0;1;0;0;1;0;0;1;0;0;0;1;0;1;1;0;0;0;0
1;1;1;0;1;0;1;1;1;1;0;1;1;0;1;1;1;0;1;0;0;0;1;0;0;0;1;0;1;0;0;0;1;0;1;0;0;0;1;0
1;1;1;0;1;0;1;1;1;1;1;0;1;0;1;1;1;1;0;0;0;0;1;0;0;1;0;0;1;0;0;0;1;0;1;0;0;1;0;0
1;1;0;1;1;0;1;1;1;1;1;0;1;1;0;1;1;0;0;0;1;0;1;1;0;0;0;0;1;0;1;0;0;0;1;0;1;0;0;0
1;1;1;0;0;0;0;0;1;1;0;1;1;1;0;1;1;0;0;0;1;0;1;0;0;0;1;0;1;0;0;0;1;0;1;0;0;0;1;0
1;1;1;0;1;0;1;1;1;1;1;0;1;1;0;1;1;1;0;0;0;0;1;1;0;0;0;0;1;0;0;0;1;0;1;0;0;0;1;0
1;1;1;0;1;0;1;1;1;1;1;0;1;0;1;1;1;0;0;1;0;0;1;0;1;0;0;0;1;0;0;0;1;0;1;0;0;0;0;1
1;1;0;1;1;1;0;1;1;1;0;1;1;1;0;1;1;0;1;0;0;0;1;0;1;0;0;0;1;0;0;1;0;0;1;0;0;1;0;0
1;1;0;1;1;0;1;1;1;1;0;1;1;1;0;0;1;1;0;0;0;0;1;0;0;1;0;0;1;0;1;0;0;0;1;0;0;0;0;1
1;1;0;1;1;0;1;1;1;1;1;0;1;1;0;0;1;0;0;0;1;0;1;1;0;0;0;0;1;0;1;0;0;0;1;0;1;0;0;0
1;1;1;0;1;0;1;1;1;1;1;0;1;1;0;0;1;1;0;0;0;0;1;0;1;0;0;0;1;0;0;1;0;0;1;0;0;1;0;0
1;1;1;0;1;1;0;1;1;1;0;1;1;0;1;1;1;0;0;1;0;0;1;0;0;0;1;0;1;0;1;0;0;0;1;0;1;0;0;0
1;1;1;0;1;1;0;0;1;1;1;0;1;1;0;0;1;0;0;0;1;0;1;0;0;1;0;0;1;0;0;1;0;0;1;0;0;1;0;0
1;1;0;1;0;0;0;0;1;1;0;1;1;1;0;0;1;0;0;0;0;1;1;0;0;1;0;0;1;0;0;0;1;0;1;0;1;0;0;0
1;1;1;0;0;0;0;0;1;1;0;1;1;0;1;1;1;0;0;0;1;0;1;1;0;0;0;0;1;0;1;0;0;0;1;0;1;0;0;0
1;1;1;0;1;0;1;1;1;1;0;1;1;0;1;0;1;0;0;0;1;0;1;0;0;0;0;1;1;1;0;0;0;0;1;0;0;0;1;0
1;1;0;1;1;1;0;0;1;1;1;0;1;0;1;0;1;0;0;0;0;1;1;0;1;0;0;0;1;1;0;0;0;0;1;1;0;0;0;0
1;1;1;0;0;0;0;1;1;1;1;0;1;1;0;0;1;0;1;0;0;0;1;0;0;0;0;1;1;0;0;1;0;0;1;0;1;0;0;0
1;1;1;0;1;1;0;0;1;1;1;0;1;1;0;0;1;0;1;0;0;0;1;0;0;0;1;0;1;0;1;0;0;0;1;0;0;1;0;0
1;1;0;1;1;0;1;1;1;1;1;0;1;0;1;1;1;0;0;1;0;0;1;0;0;0;1;0;1;1;0;0;0;0;1;0;0;1;0;0
1;1;1;0;0;0;0;0;1;1;0;1;1;0;1;0;1;1;0;0;0;0;1;0;0;0;1;0;1;0;1;0;0;0;1;0;0;1;0;0
1;1;0;1;1;1;0;0;1;1;0;1;1;1;0;1;1;0;0;0;1;0;1;1;0;0;0;0;1;0;1;0;0;0;1;0;0;0;0;1
1;1;1;0;1;0;1;0;1;1;1;0;1;1;0;0;1;0;0;0;1;0;1;0;1;0;0;0;1;0;0;0;0;1;1;0;0;1;0;0
1;1;1;0;1;0;1;0;1;1;1;0;1;1;0;1;1;0;1;0;0;0;1;0;0;0;0;1;1;0;0;1;0;0;1;0;1;0;0;0
1;1;0;1;1;1;0;1;1;1;0;1;1;0;1;0;1;0;0;0;1;0;1;0;0;0;1;0;1;0;0;1;0;0;1;0;1;0;0;0
1;1;0;1;1;0;1;1;1;1;1;0;1;1;0;0;1;0;0;0;0;1;1;0;0;1;0;0;1;1;0;0;0;0;1;0;0;1;0;0
1;1;1;0;1;1;0;0;1;1;1;0;1;1;0;0;1;0;0;1;0;0;1;1;0;0;0;0;1;0;1;0;0;0;1;1;0;0;0;0
1;1;0;1;1;1;0;1;1;1;0;1;1;1;0;0;1;0;0;1;0;0;1;0;0;1;0;0;1;0;1;0;0;0;1;0;1;0;0;0
1;1;0;1;1;0;1;0;1;1;0;1;1;1;0;1;1;1;0;0;0;0;1;0;0;0;1;0;1;0;0;0;0;1;1;0;0;1;0;0
1;1;0;1;1;0;1;1;1;1;0;1;1;1;0;0;1;1;0;0;0;0;1;0;0;0;1;0;1;0;0;0;0;1;1;0;0;1;0;0
1;1;1;0;1;0;1;0;1;1;0;1;1;1;0;0;1;0;0;0;1;0;1;0;0;0;1;0;1;0;0;1;0;0;1;0;0;0;1;0
1;1;0;1;0;0;0;0;1;1;1;0;1;1;0;1;1;0;0;0;1;0;1;0;0;0;0;1;1;0;0;1;0;0;1;0;0;1;0;0
1;1;0;1;1;1;0;1;1;1;1;0;1;1;0;1;1;0;0;1;0;0;1;1;0;0;0;0;1;0;1;0;0;0;1;0;0;0;0;1
1;1;1;0;1;1;0;0;1;1;0;1;1;1;0;0;1;0;0;0;1;0;1;0;0;1;0;0;1;0;0;1;0;0;1;0;1;0;0;0
1;1;1;0;0;0;0;1;1;1;1;0;1;0;1;0;1;0;0;1;0;0;1;0;1;0;0;0;1;0;0;0;1;0;1;0;0;0;0;1
1;1;0;1;1;0;1;0;1;1;0;1;1;0;1;1;1;0;1;0;0;0;1;1;0;0;0;0;1;0;0;1;0;0;1;0;0;1;0;0
1;1;0;1;0;0;0;0;1;1;1;0;1;0;1;0;1;0;0;0;0;1;1;0;0;0;1;0;1;0;0;1;0;0;1;0;0;0;0;1
1;1;1;0;1;1;0;0;1;1;1;0;1;0;1;1;1;0;0;0;1;0;1;0;1;0;0;0;1;0;0;0;1;0;1;0;0;0;0;1
1;1;1;0;1;0;1;0;1;1;1;0;1;1;0;0;1;0;0;0;1;0;1;0;0;1;0;0;1;0;0;0;0;1;1;0;0;0;1;0
1;1;1;0;1;0;1;0;1;1;1;0;1;0;1;0;1;1;0;0;0;0;1;0;0;1;0;0;1;0;0;1;0;0;1;0;0;0;0;1
1;1;1;0;1;1;0;0;1;1;0;1;1;1;0;0;1;0;0;1;0;0;1;0;0;0;1;0;1;0;1;0;0;0;1;0;0;0;0;1
1;1;1;0;1;1;0;1;1;1;0;1;1;1;0;0;1;0;0;0;0;1;1;0;0;1;0;0;1;0;0;0;1;0;1;0;1;0;0;0
1;1;0;1;1;1;0;1;1;1;0;1;1;0;1;1;1;0;0;0;1;0;1;0;0;0;1;0;1;0;0;0;1;0;1;0;0;0;1;0
1;1;1;0;1;1;0;1;1;1;0;1;1;1;0;0;1;0;1;0;0;0;1;0;0;0;1;0;1;0;0;1;0;0;1;0;0;0;1;0
1;1;0;1;1;1;0;0;1;1;0;1;1;1;0;0;1;0;1;0;0;0;1;0;0;0;1;0;1;0;0;0;0;1;1;1;0;0;0;0
1;1;0;1;1;0;1;1;1;1;1;0;1;1;0;1;1;0;0;0;0;1;1;0;0;0;0;1;1;0;0;1;0;0;1;0;1;0;0;0
1;1;0;1;0;0;0;0;1;1;0;1;1;0;1;0;1;1;0;0;0;0;1;0;0;0;0;1;1;0;0;1;0;0;1;0;0;0;1;0
1;1;0;1;1;1;0;0;1;1;0;1;1;1;0;1;1;0;1;0;0;0;1;0;0;0;1;0;1;1;0;0;0;0;1;1;0;0;0;0
1;1;0;1;1;0;1;1;1;1;1;0;1;0;1;1;1;0;0;0;0;1;1;0;1;0;0;0;1;0;0;0;1;0;1;0;1;0;0;0
1;1;1;0;1;0;1;0;1;1;1;0;1;0;1;1;1;0;0;0;1;0;1;0;0;0;1;0;1;0;0;0;1;0;1;0;1;0;0;0
1;1;0;1;1;1;0;0;1;1;1;0;1;1;0;0;1;0;0;0;1;0;1;0;0;0;0;1;1;0;0;1;0;0;1;1;0;0;0;0
1;1;1;0;0;0;0;0;1;1;1;0;1;0;1;1;1;0;0;0;1;0;1;1;0;0;0;0;1;0;1;0;0;0;1;0;0;0;0;1
1;1;0;1;1;0;1;1;1;1;1;0;1;1;0;1;1;0;0;0;1;0;1;0;0;0;0;1;1;0;0;0;0;1;1;0;0;1;0;0
1;1;1;0;1;1;0;1;1;1;0;1;1;0;1;0;1;0;0;0;0;1;1;0;1;0;0;0;1;1;0;0;0;0;1;0;0;0;0;1
1;1;0;1;0;0;0;1;1;1;1;0;1;0;1;0;1;0;0;0;0;1;1;1;0;0;0;0;1;0;1;0;0;0;1;0;0;1;0;0
1;1;0;1;1;0;1;1;1;1;0;1;1;0;1;0;1;0;0;1;0;0;1;0;0;1;0;0;1;0;0;0;1;0;1;0;0;0;0;1
1;1;0;1;0;0;0;1;1;1;0;1;1;1;0;0;1;0;1;0;0;0;1;1;0;0;0;0;1;0;0;1;0;0;1;0;0;1;0;0
1;1;1;0;1;1;0;0;1;1;0;1;1;1;0;0;1;1;0;0;0;0;1;0;0;0;1;0;1;0;0;0;0;1;1;1;0;0;0;0
1;1;0;1;1;1;0;1;1;1;1;0;1;0;1;0;1;1;0;0;0;0;1;1;0;0;0;0;1;1;0;0;0;0;1;0;0;0;1;0
1;1;0;1;1;0;1;0;1;1;1;0;1;1;0;1;1;0;0;0;1;0;1;1;0;0;0;0;1;0;1;0;0;0;1;0;1;0;0;0
1;1;0;1;1;0;1;1;1;1;1;0;1;0;1;0;1;0;1;0;0;0;1;0;0;0;0;1;1;0;0;0;0;1;1;0;0;1;0;0
1;1;0;1;1;0;1;1;1;1;1;0;1;0;1;0;1;0;1;0;0;0;1;0;1;0;0;0;1;0;1;0;0;0;1;0;1;0;0;0
1;1;1;0;1;0;1;1;1;1;1;0;1;0;1;0;1;1;0;0;0;0;1;0;0;1;0;0;1;0;0;0;0;1;1;0;0;1;0;0
1;1;0;1;1;1;0;1;1;1;1;0;1;0;1;0;1;0;1;0;0;0;1;0;0;1;0;0;1;0;0;1;0;0;1;0;1;0;0;0
1;1;0;1;0;0;0;0;1;1;0;1;1;1;0;1;1;0;0;1;0;0;1;1;0;0;0;0;1;0;0;1;0;0;1;0;0;0;1;0
1;1;0;1;1;1;0;0;1;1;1;0;1;0;1;1;1;0;0;0;0;1;1;0;0;0;1;0;1;1;0;0;0;0;1;0;0;0;1;0
1;1;1;0;1;0;1;1;1;1;0;1;1;1;0;0;1;0;0;1;0;0;1;0;0;0;0;1;1;0;0;0;1;0;1;0;0;0;1;0
1;1;1;0;1;0;1;1;1;1;0;1;1;1;0;0;1;0;1;0;0;0;1;0;0;1;0;0;1;1;0;0;0;0;1;0;0;0;1;0
1;1;0;1;1;1;0;0;1;1;0;1;1;1;0;0;1;1;0;0;0;0;1;1;0;0;0;0;1;0;0;0;1;0;1;0;0;0;0;1
1;1;0;1;1;1;0;0;1;1;0;1;1;0;1;0;1;1;0;0;0;0;1;1;0;0;0;0;1;0;0;0;1;0;1;1;0;0;0;0
1;1;1;0;1;0;1;1;1;1;0;1;1;1;0;1;1;0;0;1;0;0;1;0;1;0;0;0;1;0;0;0;1;0;1;0;1;0;0;0
1;1;1;0;1;1;0;1;1;1;0;1;1;1;0;1;1;0;0;0;1;0;1;0;0;0;0;1;1;0;0;1;0;0;1;0;1;0;0;0
1;1;0;1;0;0;0;0;1;1;0;1;1;1;0;1;1;0;0;0;0;1;1;1;0;0;0;0;1;0;0;1;0;0;1;0;0;0;0;1
1;1;1;0;0;0;0;0;1;1;1;0;1;0;1;0;1;1;0;0;0;0;1;1;0;0;0;0;1;0;0;1;0;0;1;0;0;1;0;0
1;1;0;1;1;1;0;1;1;1;0;1;1;1;0;0;1;0;0;0;1;0;1;0;0;1;0;0;1;1;0;0;0;0;1;0;0;1;0;0
1;1;1;0;1;1;0;0;1;1;0;1;1;0;1;1;1;0;0;0;1;0;1;0;0;0;0;1;1;0;1;0;0;0;1;0;0;1;0;0
1;1;0;1;1;1;0;1;1;1;1;0;1;1;0;0;1;0;1;0;0;0;1;0;1;0;0;0;1;0;0;0;1;0;1;0;1;0;0;0
1;1;1;0;0;0;0;0;1;1;1;0;1;0;1;0;1;0;0;0;0;1;1;0;0;0;0;1;1;0;1;0;0;0;1;0;0;1;0;0
1;1;1;0;0;0;0;0;1;1;0;1;1;0;1;0;1;0;1;0;0;0;1;0;0;0;0;1;1;0;0;0;0;1;1;1;0;0;0;0
1;1;0;1;1;0;1;1;1;1;0;1;1;1;0;1;1;1;0;0;0;0;1;0;0;0;0;1;1;0;0;0;0;1;1;0;0;0;1;0
1;1;1;0;0;0;0;1;1;1;1;0;1;1;0;1;1;0;0;1;0;0;1;1;0;0;0;0;1;0;1;0;0;0;1;1;0;0;0;0
1;1;0;1;0;0;0;1;1;1;0;1;1;1;0;0;1;0;0;0;1;0;1;0;0;0;1;0;1;0;0;0;0;1;1;0;0;1;0;0
1;1;1;0;1;0;1;1;1;1;1;0;1;0;1;1;1;0;1;0;0;0;1;0;0;1;0;0;1;0;0;1;0;0;1;0;0;0;0;1
1;1;1;0;0;0;0;1;1;1;0;1;1;0;1;0;1;0;0;0;1;0;1;0;1;0;0;0;1;0;0;0;1;0;1;0;0;1;0;0
1;1;1;0;0;0;0;1;1;1;0;1;1;0;1;0;1;0;0;1;0;0;1;0;0;0;1;0;1;1;0;0;0;0;1;0;0;1;0;0
1;1;0;1;1;1;0;0;1;1;1;0;1;0;1;0;1;0;0;0;0;1;1;1;0;0;0;0;1;0;0;0;1;0;1;0;1;0;0;0
1;1;0;1;1;0;1;0;1;1;1;0;1;1;0;1;1;0;0;0;1;0;1;0;0;1;0;0;1;0;0;0;0;1;1;0;0;1;0;0
1;1;1;0;1;1;0;1;1;1;0;1;1;0;1;0;1;0;1;0;0;0;1;0;0;1;0;0;1;0;0;1;0;0;1;1;0;0;0;0
1;1;0;1;1;0;1;1;1;1;1;0;1;1;0;1;1;0;0;0;0;1;1;0;1;0;0;0;1;0;0;0;0;1;1;1;0;0;0;0
1;1;1;0;1;0;1;0;1;1;0;1;1;0;1;1;1;0;0;0;0;1;1;0;0;0;1;0;1;0;0;0;0;1;1;0;0;1;0;0
1;1;0;1;1;1;0;0;1;1;0;1;1;1;0;0;1;0;0;0;1;0;1;1;0;0;0;0;1;0;0;0;0;1;1;0;0;1;0;0
1;1;0;1;0;0;0;1;1;1;0;1;1;1;0;1;1;0;1;0;0;0;1;1;0;0;0;0;1;0;1;0;0;0;1;1;0;0;0;0
1;1;1;0;0;0;0;1;1;1;0;1;1;1;0;1;1;0;0;0;0;1;1;0;0;1;0;0;1;0;0;0;1;0;1;1;0;0;0;0
1;1;1;0;1;1;0;0;1;1;0;1;1;1;0;1;1;0;0;0;0;1;1;1;0;0;0;0;1;0;1;0;0;0;1;0;0;1;0;0
1;1;1;0;1;1;0;0;1;1;0;1;1;0;1;1;1;0;0;1;0;0;1;0;0;1;0;0;1;0;0;0;0;1;1;0;0;1;0;0
1;1;0;1;0;0;0;1;1;1;1;0;1;1;0;1;1;1;0;0;0;0;1;0;0;0;0;1;1;0;0;1;0;0;1;0;0;0;0;1
1;1;0;1;1;0;1;1;1;1;0;1;1;0;1;0;1;0;0;0;1;0;1;0;0;0;1;0;1;0;1;0;0;0;1;0;0;1;0;0
1;1;1;0;0;0;0;0;1;1;1;0;1;1;0;1;1;0;0;0;1;0;1;0;0;0;0;1;1;0;1;0;0;0;1;0;0;0;1;0
1;1;0;1;1;1;0;0;1;1;0;1;1;1;0;0;1;0;0;0;1;0;1;0;0;0;1;0;1;0;0;0;1;0;1;0;0;0;0;1
1;1;1;0;0;0;0;0;1;1;0;1;1;0;1;0;1;0;1;0;0;0;1;1;0;0;0;0;1;0;1;0;0;0;1;0;1;0;0;0
1;1;1;0;1;0;1;1;1;1;0;1;1;1;0;0;1;0;0;0;0;1;1;0;0;0;0;1;1;0;0;0;1;0;1;0;0;0;1;0
1;1;0;1;0;0;0;1;1;1;0;1;1;1;0;0;1;0;0;0;0;1;1;0;1;0;0;0;1;1;0;0;0;0;1;0;0;0;1;0
1;1;0;1;1;1;0;1;1;1;0;1;1;0;1;1;1;0;0;1;0;0;1;0;1;0;0;0;1;0;0;1;0;0;1;1;0;0;0;0
1;1;1;0;1;1;0;0;1;1;0;1;1;1;0;0;1;1;0;0;0;0;1;0;0;1;0;0;1;0;0;1;0;0;1;1;0;0;0;0
1;1;0;1;0;0;0;0;1;1;1;0;1;1;0;1;1;0;0;1;0;0;1;0;0;1;0;0;1;0;0;0;0;1;1;0;0;0;0;1
1;1;1;0;0;0;0;0;1;1;0;1;1;1;0;1;1;0;0;0;1;0;1;0;0;0;1;0;1;1;0;0;0;0;1;1;0;0;0;0
1;1;0;1;0;0;0;1;1;1;0;1;1;1;0;1;1;0;0;0;1;0;1;0;0;1;0;0;1;1;0;0;0;0;1;0;1;0;0;0
1;1;1;0;1;1;0;1;1;1;0;1;1;0;1;1;1;1;0;0;0;0;1;1;0;0;0;0;1;0;0;0;1;0;1;0;0;1;0;0
1;1;1;0;0;0;0;0;1;1;1;0;1;0;1;1;1;0;0;0;1;0;1;0;0;0;0;1;1;0;1;0;0;0;1;1;0;0;0;0
1;1;1;0;0;0;0;1;1;1;0;1;1;0;1;1;1;1;0;0;0;0;1;0;1;0;0;0;1;1;0;0;0;0;1;0;0;0;0;1
1;1;1;0;1;1;0;0;1;1;0;1;1;1;0;0;1;0;1;0;0;0;1;0;0;1;0;0;1;0;1;0;0;0;1;0;0;0;0;1
1;1;1;0;0;0;0;1;1;1;0;1;1;0;1;0;1;0;1;0;0;0;1;0;0;0;1;0;1;0;0;1;0;0;1;0;1;0;0;0
1;1;0;1;1;1;0;0;1;1;0;1;1;1;0;1;1;0;0;0;1;0;1;0;0;0;0;1;1;0;0;0;0;1;1;1;0;0;0;0
1;1;1;0;1;0;1;1;1;1;0;1;1;1;0;0;1;0;0;0;1;0;1;0;0;0;0;1;1;0;1;0;0;0;1;0;1;0;0;0
1;1;1;0;1;1;0;1;1;1;1;0;1;0;1;1;1;0;1;0;0;0;1;0;0;0;0;1;1;0;0;0;1;0;1;1;0;0;0;0
1;1;0;1;1;1;0;1;1;1;1;0;1;0;1;0;1;0;0;0;0;1;1;0;1;0;0;0;1;1;0;0;0;0;1;1;0;0;0;0
1;1;0;1;1;0;1;1;1;1;1;0;1;0;1;1;1;0;0;1;0;0;1;0;0;1;0;0;1;0;1;0;0;0;1;1;0;0;0;0
1;1;1;0;1;0;1;0;1;1;1;0;1;1;0;1;1;0;0;1;0;0;1;1;0;0;0;0;1;0;0;0;1;0;1;0;1;0;0;0
1;1;0;1;1;1;0;0;1;1;1;0;1;0;1;1;1;0;0;0;0;1;1;1;0;0;0;0;1;0;0;0;0;1;1;1;0;0;0;0
1;1;1;0;0;0;0;1;1;1;1;0;1;1;0;0;1;0;0;0;1;0;1;1;0;0;0;0;1;0;0;0;0;1;1;0;0;1;0;0
1;1;1;0;1;0;1;1;1;1;0;1;1;0;1;1;1;0;1;0;0;0;1;0;1;0;0;0;1;1;0;0;0;0;1;0;1;0;0;0
1;1;1;0;0;0;0;0;1;1;0;1;1;0;1;1;1;0;0;0;0;1;1;1;0;0;0;0;1;0;0;1;0;0;1;1;0;0;0;0
1;1;0;1;1;0;1;0;1;1;1;0;1;0;1;0;1;0;0;1;0;0;1;0;0;1;0;0;1;0;0;0;0;1;1;1;0;0;0;0
1;1;0;1;1;1;0;1;1;1;0;1;1;0;1;0;1;0;1;0;0;0;1;0;0;0;0;1;1;0;0;0;0;1;1;0;0;0;1;0
1;1;0;1;0;0;0;0;1;1;1;0;1;0;1;0;1;0;0;0;0;1;1;0;0;0;0;1;1;0;1;0;0;0;1;0;0;1;0;0
1;1;0;1;1;0;1;1;1;1;0;1;1;0;1;1;1;0;1;0;0;0;1;0;0;1;0;0;1;0;0;0;1;0;1;0;0;0;1;0
1;1;1;0;1;1;0;1;1;1;0;1;1;0;1;0;1;1;0;0;0;0;1;0;0;0;0;1;1;0;1;0;0;0;1;0;0;0;1;0
1;1;0;1;1;1;0;0;1;1;0;1;1;1;0;1;1;1;0;0;0;0;1;0;1;0;0;0;1;0;0;0;0;1;1;1;0;0;0;0
1;1;1;0;1;0;1;1;1;1;1;0;1;0;1;1;1;0;0;1;0;0;1;1;0;0;0;0;1;1;0;0;0;0;1;1;0;0;0;0
1;1;0;1;0;0;0;1;1;1;1;0;1;0;1;0;1;0;0;0;0;1;1;1;0;0;0;0;1;0;0;0;0;1;1;0;0;0;0;1
1;1;0;1;1;0;1;1;1;1;0;1;1;1;0;1;1;0;0;1;0;0;1;0;1;0;0;0;1;0;0;0;0;1;1;1;0;0;0;0
1;1;1;0;1;1;0;1;1;1;0;1;1;1;0;1;1;0;0;0;0;1;1;0;1;0;0;0;1;0;0;0;0;1;1;0;1;0;0;0
1;1;1;0;1;0;1;0;1;1;0;1;1;0;1;0;1;0;0;1;0;0;1;1;0;0;0;0;1;0;0;1;0;0;1;0;1;0;0;0
1;1;1;0;0;0;0;1;1;1;0;1;1;0;1;0;1;1;0;0;0;0;1;0;0;0;1;0;1;1;0;0;0;0;1;0;0;0;0;1
1;1;1;0;0;0;0;0;1;1;0;1;1;1;0;1;1;0;0;0;0;1;1;0;1;0;0;0;1;0;1;0;0;0;1;0;0;0;1;0
1;1;1;0;1;0;1;0;1;1;1;0;1;1;0;0;1;1;0;0;0;0;1;0;0;1;0;0;1;0;0;1;0;0;1;0;0;0;1;0
1;1;1;0;0;0;0;1;1;1;0;1;1;1;0;0;1;0;0;0;0;1;1;0;1;0;0;0;1;0;0;1;0;0;1;0;0;0;1;0
1;1;1;0;1;1;0;0;1;1;0;1;1;1;0;0;1;1;0;0;0;0;1;0;0;0;0;1;1;1;0;0;0;0;1;0;1;0;0;0
1;1;1;0;1;0;1;0;1;1;0;1;1;0;1;1;1;0;0;0;1;0;1;0;0;0;1;0;1;0;0;0;1;0;1;1;0;0;0;0
1;1;1;0;1;1;0;1;1;1;0;1;1;0;1;1;1;0;0;1;0;0;1;0;0;0;1;0;1;1;0;0;0;0;1;0;0;0;0;1
1;1;1;0;1;1;0;1;1;1;1;0;1;1;0;1;1;0;0;0;0;1;1;0;0;1;0;0;1;0;0;0;0;1;1;0;1;0;0;0
1;1;0;1;1;1;0;0;1;1;0;1;1;0;1;0;1;0;0;0;1;0;1;1;0;0;0;0;1;0;0;0;1;0;1;0;0;0;1;0
1;1;1;0;1;0;1;1;1;1;0;1;1;0;1;0;1;1;0;0;0;0;1;0;1;0;0;0;1;0;1;0;0;0;1;0;1;0;0;0
1;1;1;0;1;1;0;1;1;1;1;0;1;0;1;0;1;0;0;0;1;0;1;0;0;0;1;0;1;0;0;0;0;1;1;1;0;0;0;0
1;1;1;0;1;0;1;1;1;1;0;1;1;1;0;0;1;1;0;0;0;0;1;0;0;1;0;0;1;0;0;1;0;0;1;0;0;0;1;0
1;1;0;1;1;1;0;0;1;1;1;0;1;1;0;1;1;0;0;0;0;1;1;0;0;0;0;1;1;0;0;1;0;0;1;0;0;0;0;1
1;1;1;0;0;0;0;0;1;1;1;0;1;0;1;1;1;0;1;0;0;0;1;0;1;0;0;0;1;0;0;0;1;0;1;0;0;1;0;0
1;1;1;0;0;0;0;0;1;1;1;0;1;0;1;1;1;0;0;1;0;0;1;0;0;0;0;1;1;0;0;1;0;0;1;1;0;0;0;0
1;1;0;1;1;0;1;0;1;1;1;0;1;0;1;0;1;0;0;1;0;0;1;0;0;0;1;0;1;0;0;0;0;1;1;0;1;0;0;0
1;1;1;0;1;0;1;1;1;1;1;0;1;1;0;0;1;0;0;0;0;1;1;1;0;0;0;0;1;0;0;0;1;0;1;0;0;0;1;0
1;1;0;1;0;0;0;0;1;1;0;1;1;0;1;1;1;0;0;1;0;0;1;0;0;0;0;1;1;0;0;0;0;1;1;0;0;0;0;1
1;1;0;1;1;0;1;1;1;1;1;0;1;1;0;1;1;0;1;0;0;0;1;0;0;0;0;1;1;0;0;0;0;1;1;1;0;0;0;0
1;1;1;0;0;0;0;1;1;1;1;0;1;1;0;0;1;0;0;0;1;0;1;0;0;0;1;0;1;1;0;0;0;0;1;0;1;0;0;0
1;1;1;0;1;0;1;0;1;1;1;0;1;1;0;1;1;0;1;0;0;0;1;0;0;0;1;0;1;0;0;0;0;1;1;0;0;0;0;1
1;1;1;0;0;0;0;0;1;1;0;1;1;1;0;0;1;1;0;0;0;0;1;0;0;0;0;1;1;0;0;0;0;1;1;0;0;0;0;1
1;1;0;1;0;0;0;1;1;1;1;0;1;1;0;0;1;1;0;0;0;0;1;1;0;0;0;0;1;1;0;0;0;0;1;0;0;1;0;0
1;1;0;1;1;0;1;1;1;1;0;1;1;0;1;0;1;0;0;1;0;0;1;1;0;0;0;0;1;1;0;0;0;0;1;1;0;0;0;0
1;1;1;0;1;1;0;1;1;1;0;1;1;1;0;1;1;0;0;0;1;0;1;0;0;0;1;0;1;1;0;0;0;0;1;0;0;1;0;0
1;1;1;0;1;1;0;1;1;1;0;1;1;0;1;0;1;0;1;0;0;0;1;0;0;1;0;0;1;1;0;0;0;0;1;0;0;0;1;0
1;1;0;1;1;0;1;0;1;1;0;1;1;1;0;1;1;0;0;1;0;0;1;0;1;0;0;0;1;0;1;0;0;0;1;0;0;1;0;0
1;1;1;0;1;0;1;1;1;1;0;1;1;1;0;1;1;1;0;0;0;0;1;0;1;0;0;0;1;0;0;1;0;0;1;0;1;0;0;0
1;1;1;0;1;0;1;1;1;1;0;1;1;0;1;1;1;0;1;0;0;0;1;0;0;0;1;0;1;0;0;0;0;1;1;0;1;0;0;0
1;1;0;1;1;0;1;0;1;1;0;1;1;0;1;1;1;0;0;1;0;0;1;0;0;1;0;0;1;0;0;0;1;0;1;0;1;0;0;0
1;1;0;1;1;0;1;1;1;1;0;1;1;0;1;0;1;1;0;0;0;0;1;0;0;0;0;1;1;0;0;0;0;1;1;1;0;0;0;0
1;1;1;0;1;0;1;1;1;1;1;0;1;0;1;0;1;0;0;1;0;0;1;0;0;0;0;1;1;0;0;0;0;1;1;0;1;0;0;0
1;1;0;1;1;0;1;1;1;1;1;0;1;1;0;0;1;0;0;0;0;1;1;0;1;0;0;0;1;0;0;0;1;0;1;0;1;0;0;0
1;1;0;1;1;0;1;1;1;1;0;1;1;0;1;0;1;0;0;1;0;0;1;1;0;0;0;0;1;1;0;0;0;0;1;0;1;0;0;0
1;1;1;0;1;1;0;0;1;1;0;1;1;0;1;1;1;0;0;0;0;1;1;0;0;0;0;1;1;0;0;1;0;0;1;0;0;0;1;0
1;1;1;0;0;0;0;0;1;1;1;0;1;1;0;1;1;1;0;0;0;0;1;0;1;0;0;0;1;0;0;1;0;0;1;0;1;0;0;0
1;1;0;1;1;0;1;1;1;1;1;0;1;1;0;1;1;0;0;0;0;1;1;1;0;0;0;0;1;0;0;1;0;0;1;1;0;0;0;0
1;1;1;0;1;1;0;1;1;1;0;1;1;1;0;1;1;0;1;0;0;0;1;0;0;0;0;1;1;0;0;0;0;1;1;0;0;0;1;0
1;1;0;1;0;0;0;1;1;1;1;0;1;1;0;0;1;0;1;0;0;0;1;0;0;0;1;0;1;1;0;0;0;0;1;1;0;0;0;0
1;1;0;1;1;1;0;0;1;1;1;0;1;1;0;1;1;1;0;0;0;0;1;1;0;0;0;0;1;1;0;0;0;0;1;1;0;0;0;0
1;1;0;1;1;0;1;0;1;1;1;0;1;1;0;0;1;0;0;0;1;0;1;0;0;0;0;1;1;0;1;0;0;0;1;0;1;0;0;0
1;1;0;1;1;0;1;0;1;1;0;1;1;0;1;0;1;0;1;0;0;0;1;0;0;0;1;0;1;0;1;0;0;0;1;0;0;0;1;0
1;1;1;0;0;0;0;0;1;1;1;0;1;0;1;0;1;0;0;1;0;0;1;0;0;0;0;1;1;0;0;0;1;0;1;0;1;0;0;0
1;1;0;1;0;0;0;0;1;1;0;1;1;1;0;1;1;0;0;1;0;0;1;0;0;0;0;1;1;0;0;0;0;1;1;0;0;1;0;0
1;1;0;1;0;0;0;1;1;1;0;1;1;0;1;1;1;1;0;0;0;0;1;0;0;1;0;0;1;0;0;1;0;0;1;0;0;0;0;1
1;1;0;1;1;0;1;1;1;1;1;0;1;0;1;0;1;0;0;0;0;1;1;1;0;0;0;0;1;0;1;0;0;0;1;0;1;0;0;0
1;1;1;0;1;0;1;0;1;1;0;1;1;0;1;0;1;0;0;0;1;0;1;0;0;0;1;0;1;0;1;0;0;0;1;1;0;0;0;0
1;1;1;0;0;0;0;1;1;1;1;0;1;1;0;0;1;0;0;1;0;0;1;0;0;0;1;0;1;0;1;0;0;0;1;0;0;0;1;0
1;1;0;1;1;0;1;0;1;1;0;1;1;0;1;0;1;0;0;0;1;0;1;0;0;1;0;0;1;0;0;1;0;0;1;0;0;1;0;0
1;1;1;0;1;0;1;0;1;1;1;0;1;0;1;0;1;0;0;1;0;0;1;1;0;0;0;0;1;0;1;0;0;0;1;1;0;0;0;0
1;1;1;0;1;0;1;0;1;1;1;0;1;0;1;1;1;0;0;0;0;1;1;1;0;0;0;0;1;0;0;1;0;0;1;0;1;0;0;0
1;1;0;1;1;1;0;1;1;1;0;1;1;0;1;0;1;1;0;0;0;0;1;0;0;0;0;1;1;1;0;0;0;0;1;0;0;0;0;1
1;1;0;1;1;1;0;0;1;1;0;1;1;0;1;0;1;0;1;0;0;0;1;0;0;0;0;1;1;0;0;0;1;0;1;0;1;0;0;0
1;1;1;0;0;0;0;0;1;1;1;0;1;0;1;1;1;0;0;0;1;0;1;0;0;0;0;1;1;0;0;0;0;1;1;1;0;0;0;0
1;1;1;0;1;1;0;0;1;1;0;1;1;0;1;1;1;1;0;0;0;0;1;0;0;0;1;0;1;0;0;0;0;1;1;0;0;0;1;0
1;1;1;0;0;0;0;0;1;1;0;1;1;0;1;1;1;0;1;0;0;0;1;0;1;0;0;0;1;1;0;0;0;0;1;0;1;0;0;0
1;1;0;1;0;0;0;1;1;1;1;0;1;0;1;0;1;0;0;0;1;0;1;0;0;1;0;0;1;0;1;0;0;0;1;0;0;0;1;0
1;1;1;0;1;0;1;0;1;1;0;1;1;1;0;1;1;0;0;0;0;1;1;0;0;0;1;0;1;0;0;1;0;0;1;0;0;0;1;0
1;1;0;1;1;0;1;0;1;1;1;0;1;1;0;1;1;0;0;0;0;1;1;0;1;0;0;0;1;0;0;1;0;0;1;0;0;0;0;1
1;1;1;0;0;0;0;0;1;1;0;1;1;1;0;1;1;0;0;0;0;1;1;1;0;0;0;0;1;0;1;0;0;0;1;0;0;0;0;1
1;1;0;1;0;0;0;0;1;1;1;0;1;0;1;1;1;0;0;1;0;0;1;0;0;0;0;1;1;0;0;1;0;0;1;0;0;0;0;1
1;1;1;0;0;0;0;0;1;1;1;0;1;1;0;0;1;0;0;0;1;0;1;1;0;0;0;0;1;0;1;0;0;0;1;0;0;0;1;0
1;1;1;0;1;1;0;0;1;1;0;1;1;0;1;0;1;0;0;1;0;0;1;0;0;1;0;0;1;0;0;1;0;0;1;0;0;0;0;1
1;1;1;0;0;0;0;0;1;1;1;0;1;0;1;1;1;0;0;0;0;1;1;0;0;0;1;0;1;0;0;0;1;0;1;0;0;0;0;1
1;1;0;1;0;0;0;0;1;1;1;0;1;0;1;0;1;0;0;0;1;0;1;1;0;0;0;0;1;0;0;0;0;1;1;0;0;0;0;1
1;1;1;0;0;0;0;1;1;1;0;1;1;0;1;0;1;0;1;0;0;0;1;0;0;0;0;1;1;0;0;0;1;0;1;1;0;0;0;0
1;1;1;0;1;0;1;1;1;1;0;1;1;0;1;1;1;1;0;0;0;0;1;1;0;0;0;0;1;1;0;0;0;0;1;1;0;0;0;0
1;1;1;0;1;1;0;1;1;1;1;0;1;0;1;0;1;1;0;0;0;0;1;0;0;0;1;0;1;0;0;0;0;1;1;1;0;0;0;0
1;1;0;1;1;1;0;1;1;1;0;1;1;1;0;0;1;0;0;0;0;1;1;0;1;0;0;0;1;0;0;0;1;0;1;0;0;1;0;0
1;1;1;0;1;0;1;0;1;1;0;1;1;0;1;1;1;1;0;0;0;0;1;0;0;0;0;1;1;0;1;0;0;0;1;1;0;0;0;0
1;1;1;0;1;0;1;1;1;1;1;0;1;0;1;0;1;0;0;0;0;1;1;0;0;0;0;1;1;0;0;0;1;0;1;0;0;0;0;1
1;1;1;0;1;0;1;0;1;1;1;0;1;0;1;1;1;0;0;0;1;0;1;0;0;1;0;0;1;1;0;0;0;0;1;0;0;0;0;1
1;1;1;0;1;1;0;0;1;1;0;1;1;0;1;0;1;1;0;0;0;0;1;0;0;0;1;0;1;0;0;0;0;1;1;0;0;0;1;0
1;1;0;1;1;1;0;0;1;1;1;0;1;0;1;0;1;0;0;1;0;0;1;0;0;0;1;0;1;0;0;0;1;0;1;1;0;0;0;0
1;1;1;0;0;0;0;1;1;1;1;0;1;0;1;0;1;0;1;0;0;0;1;0;0;0;0;1;1;0;0;0;0;1;1;1;0;0;0;0
1;1;1;0;1;0;1;0;1;1;0;1;1;0;1;1;1;0;0;0;0;1;1;0;1;0;0;0;1;0;0;0;0;1;1;0;0;0;1;0
1;1;0;1;1;1;0;1;1;1;0;1;1;0;1;1;1;0;0;0;0;1;1;0;0;0;1;0;1;0;0;0;1;0;1;1;0;0;0;0
1;1;0;1;0;0;0;0;1;1;0;1;1;1;0;1;1;0;1;0;0;0;1;0;0;1;0;0;1;0;0;1;0;0;1;0;0;1;0;0
1;1;1;0;0;0;0;1;1;1;1;0;1;1;0;0;1;0;0;0;0;1;1;1;0;0;0;0;1;0;0;0;0;1;1;1;0;0;0;0
1;1;1;0;1;1;0;1;1;1;1;0;1;1;0;0;1;0;0;0;1;0;1;0;0;0;0;1;1;1;0;0;0;0;1;0;0;0;1;0
1;1;1;0;0;0;0;0;1;1;0;1;1;0;1;1;1;1;0;0;0;0;1;0;0;1;0;0;1;1;0;0;0;0;1;0;0;1;0;0
1;1;0;1;0;0;0;0;1;1;1;0;1;0;1;1;1;0;0;0;0;1;1;0;0;0;1;0;1;0;0;0;1;0;1;0;0;0;0;1
1;1;0;1;1;1;0;0;1;1;1;0;1;0;1;1;1;0;0;0;1;0;1;1;0;0;0;0;1;0;1;0;0;0;1;0;0;1;0;0
1;1;1;0;1;0;1;1;1;1;1;0;1;1;0;0;1;1;0;0;0;0;1;0;0;0;1;0;1;0;0;0;1;0;1;0;0;0;1;0
1;1;1;0;1;1;0;1;1;1;0;1;1;1;0;1;1;0;0;0;1;0;1;0;0;0;0;1;1;1;0;0;0;0;1;1;0;0;0;0
1;1;1;0;1;0;1;1;1;1;1;0;1;0;1;1;1;0;0;0;1;0;1;0;0;0;1;0;1;1;0;0;0;0;1;0;1;0;0;0
1;1;1;0;1;0;1;1;1;1;0;1;1;0;1;1;1;0;0;0;0;1;1;0;0;0;0;1;1;0;1;0;0;0;1;0;0;0;0;1
1;1;1;0;1;1;0;1;1;1;1;0;1;1;0;0;1;0;0;0;0;1;1;0;0;0;0;1;1;0;0;1;0;0;1;0;0;1;0;0
1;1;1;0;1;0;1;1;1;1;1;0;1;0;1;1;1;0;0;1;0;0;1;0;0;0;1;0;1;1;0;0;0;0;1;1;0;0;0;0
1;1;0;1;0;0;0;1;1;1;1;0;1;0;1;0;1;0;0;0;0;1;1;0;1;0;0;0;1;1;0;0;0;0;1;1;0;0;0;0
1;1;0;1;1;0;1;0;1;1;1;0;1;0;1;1;1;0;1;0;0;0;1;1;0;0;0;0;1;0;0;0;0;1;1;1;0;0;0;0
1;1;1;0;1;0;1;1;1;1;1;0;1;1;0;1;1;0;0;0;0;1;1;0;0;0;0;1;1;0;0;0;1;0;1;0;0;1;0;0
1;1;1;0;1;0;1;1;1;1;1;0;1;1;0;0;1;0;0;1;0;0;1;0;1;0;0;0;1;0;0;0;0;1;1;0;0;0;1;0
1;1;1;0;0;0;0;0;1;1;1;0;1;1;0;0;1;0;1;0;0;0;1;0;0;0;1;0;1;0;1;0;0;0;1;0;0;0;1;0
